1576643653.318263 0.000 0.000 0.000
1576643653.333740 0.000 0.000 0.000
1576643653.350116 0.000 0.000 0.000
1576643653.367743 0.000 0.000 0.000
1576643653.385203 0.000 0.000 0.000
1576643653.402477 0.000 0.000 0.000
1576643653.419478 0.000 0.000 0.000
1576643653.435015 0.000 0.000 0.000
1576643653.450147 0.000 0.000 0.000
1576643653.466621 0.000 0.000 0.000
1576643653.482799 0.001 0.000 0.000
1576643653.500542 0.000 0.000 0.000
1576643653.516514 0.000 0.001 0.000
1576643653.534690 0.001 0.001 0.000
1576643653.551128 0.001 0.001 0.000
1576643653.569294 0.000 0.001 0.000
1576643653.583660 0.001 0.001 0.000
1576643653.601656 0.001 0.001 0.000
1576643653.617601 0.001 0.001 0.000
1576643653.634449 0.001 0.001 0.000
1576643653.650682 0.001 0.001 0.000
1576643653.668184 0.001 0.001 0.000
1576643653.683926 0.001 0.001 0.000
1576643653.700804 0.001 0.001 0.000
1576643653.717921 0.001 0.001 0.000
1576643653.734133 0.001 0.001 0.000
1576643653.750657 0.001 0.001 0.000
1576643653.767463 0.001 0.001 0.000
1576643653.783928 0.001 0.001 0.000
1576643653.801405 0.001 0.001 0.000
1576643653.816649 0.001 0.001 0.000
1576643653.834424 0.001 0.001 0.000
1576643653.851358 0.001 0.001 0.000
1576643653.867804 0.001 0.001 0.000
1576643653.884367 0.001 0.001 0.000
1576643653.900592 0.001 0.001 0.000
1576643653.917977 0.001 0.001 0.000
1576643653.933528 0.001 0.002 0.000
1576643653.951615 0.001 0.002 0.000
1576643653.968055 0.001 0.002 0.000
1576643653.983595 0.002 0.002 0.000
1576643654.001597 0.002 0.002 0.000
1576643654.018135 0.002 0.002 0.000
1576643654.034362 0.002 0.002 0.000
1576643654.050630 0.002 0.002 0.000
1576643654.067036 0.002 0.002 0.000
1576643654.085057 0.002 0.002 0.000
1576643654.101612 0.002 0.002 0.000
1576643654.118220 0.002 0.002 0.000
1576643654.134935 0.002 0.002 0.000
1576643654.151525 0.002 0.002 0.000
1576643654.168370 0.002 0.002 0.000
1576643654.184103 0.002 0.002 0.000
1576643654.200748 0.002 0.002 0.000
1576643654.218533 0.002 0.002 0.000
1576643654.234996 0.002 0.002 0.000
1576643654.251029 0.002 0.002 0.000
1576643654.267648 0.002 0.002 0.000
1576643654.283633 0.002 0.002 0.000
1576643654.300972 0.002 0.002 0.000
1576643654.317737 0.002 0.002 0.000
1576643654.334326 0.003 0.002 0.000
1576643654.350988 0.003 0.002 0.000
1576643654.367394 0.003 0.002 0.000
1576643654.384040 0.003 0.002 0.000
1576643654.401149 0.003 0.002 0.000
1576643654.417126 0.003 0.002 0.000
1576643654.434271 0.003 0.003 0.000
1576643654.450695 0.003 0.003 0.000
1576643654.467358 0.003 0.003 0.000
1576643654.484163 0.003 0.003 0.000
1576643654.500803 0.003 0.003 0.000
1576643654.517996 0.003 0.003 0.000
1576643654.534010 0.003 0.003 0.000
1576643654.550505 0.003 0.003 0.000
1576643654.567517 0.003 0.003 0.000
1576643654.584099 0.003 0.003 0.000
1576643654.600704 0.003 0.003 0.000
1576643654.617534 0.003 0.003 0.000
1576643654.634933 0.003 0.003 0.000
1576643654.649669 0.003 0.003 0.000
1576643654.667856 0.003 0.003 0.000
1576643654.683799 0.003 0.003 0.000
1576643654.701118 0.003 0.003 0.000
1576643654.717610 0.003 0.003 0.000
1576643654.733592 0.003 0.003 0.000
1576643654.750955 0.003 0.003 0.000
1576643654.767396 0.003 0.003 0.000
1576643654.783103 0.003 0.003 0.000
1576643654.800260 0.003 0.003 0.000
1576643654.816958 0.003 0.003 0.000
1576643654.834448 0.003 0.003 0.000
1576643654.851008 0.003 0.003 0.000
1576643654.868015 0.003 0.003 0.000
1576643654.884104 0.003 0.003 0.000
1576643654.901498 0.003 0.003 0.000
1576643654.917579 0.003 0.003 0.000
1576643654.934248 0.003 0.003 0.000
1576643654.949287 0.003 0.003 0.000
1576643654.967829 0.003 0.004 0.000
1576643654.983936 0.003 0.004 0.000
1576643655.001378 0.004 0.004 0.000
1576643655.017669 0.004 0.004 0.000
1576643655.034486 0.004 0.004 0.000
1576643655.050778 0.004 0.004 0.000
1576643655.066933 0.004 0.004 0.000
1576643655.082990 0.004 0.004 0.000
1576643655.100614 0.004 0.004 0.000
1576643655.116845 0.004 0.004 0.000
1576643655.134174 0.004 0.004 0.000
1576643655.149565 0.005 0.004 0.000
1576643655.167184 0.006 0.004 0.000
1576643655.184564 0.007 0.004 0.000
1576643655.200458 0.008 0.004 0.000
1576643655.216577 0.009 0.004 0.000
1576643655.233954 0.010 0.004 0.000
1576643655.250827 0.012 0.004 0.000
1576643655.267879 0.013 0.004 0.000
1576643655.283952 0.014 0.004 0.000
1576643655.299273 0.016 0.004 0.000
1576643655.316797 0.017 0.004 0.000
1576643655.334173 0.018 0.004 0.000
1576643655.351014 0.020 0.004 0.000
1576643655.367324 0.021 0.004 0.000
1576643655.383923 0.022 0.004 0.000
1576643655.401085 0.024 0.004 0.000
1576643655.417114 0.025 0.005 0.000
1576643655.433339 0.026 0.005 0.000
1576643655.449806 0.028 0.005 0.001
1576643655.466243 0.029 0.005 0.001
1576643655.483139 0.030 0.005 0.001
1576643655.499288 0.032 0.005 0.002
1576643655.516457 0.033 0.005 0.003
1576643655.532652 0.034 0.005 0.004
1576643655.549145 0.036 0.005 0.005
1576643655.566312 0.037 0.005 0.007
1576643655.583235 0.038 0.005 0.008
1576643655.599290 0.040 0.005 0.010
1576643655.616362 0.041 0.005 0.012
1576643655.632624 0.042 0.005 0.013
1576643655.649414 0.044 0.005 0.015
1576643655.666193 0.045 0.005 0.017
1576643655.683285 0.047 0.005 0.018
1576643655.699533 0.048 0.005 0.020
1576643655.716206 0.049 0.005 0.022
1576643655.732963 0.051 0.005 0.023
1576643655.749153 0.052 0.005 0.025
1576643655.765890 0.053 0.005 0.027
1576643655.783066 0.055 0.005 0.029
1576643655.799782 0.056 0.005 0.030
1576643655.815874 0.057 0.006 0.032
1576643655.833075 0.059 0.006 0.034
1576643655.849342 0.060 0.006 0.035
1576643655.865990 0.061 0.006 0.037
1576643655.883137 0.063 0.006 0.039
1576643655.898906 0.064 0.006 0.040
1576643655.918066 0.065 0.006 0.042
1576643655.933024 0.067 0.006 0.044
1576643655.949902 0.068 0.006 0.046
1576643655.966903 0.069 0.006 0.047
1576643655.983315 0.071 0.006 0.049
1576643656.001192 0.072 0.006 0.052
1576643656.016908 0.073 0.006 0.054
1576643656.033868 0.075 0.006 0.057
1576643656.049960 0.076 0.006 0.059
1576643656.066101 0.077 0.007 0.062
1576643656.082534 0.079 0.007 0.066
1576643656.098968 0.080 0.007 0.069
1576643656.115815 0.081 0.007 0.073
1576643656.132008 0.082 0.007 0.076
1576643656.148852 0.084 0.007 0.080
1576643656.165802 0.085 0.008 0.085
1576643656.182647 0.086 0.008 0.089
1576643656.198950 0.087 0.008 0.093
1576643656.215308 0.089 0.008 0.097
1576643656.232272 0.090 0.008 0.101
1576643656.248707 0.091 0.008 0.105
1576643656.265508 0.093 0.009 0.109
1576643656.282173 0.094 0.009 0.113
1576643656.298854 0.095 0.009 0.117
1576643656.315806 0.097 0.009 0.121
1576643656.332361 0.098 0.009 0.125
1576643656.349071 0.099 0.009 0.129
1576643656.365884 0.101 0.009 0.133
1576643656.382100 0.102 0.010 0.137
1576643656.398755 0.103 0.010 0.141
1576643656.415584 0.104 0.010 0.145
1576643656.431899 0.105 0.010 0.149
1576643656.449025 0.107 0.011 0.153
1576643656.465334 0.108 0.011 0.157
1576643656.482301 0.109 0.011 0.161
1576643656.498846 0.111 0.011 0.165
1576643656.515230 0.112 0.011 0.169
1576643656.531964 0.114 0.012 0.173
1576643656.549011 0.115 0.012 0.178
1576643656.565784 0.117 0.012 0.182
1576643656.582272 0.119 0.013 0.186
1576643656.598967 0.121 0.013 0.190
1576643656.615273 0.124 0.014 0.194
1576643656.632420 0.127 0.014 0.198
1576643656.648945 0.130 0.015 0.202
1576643656.665474 0.133 0.016 0.206
1576643656.682242 0.137 0.017 0.210
1576643656.699045 0.141 0.018 0.214
1576643656.715633 0.144 0.019 0.218
1576643656.732360 0.148 0.019 0.222
1576643656.749197 0.152 0.020 0.226
1576643656.765598 0.155 0.021 0.230
1576643656.782228 0.159 0.022 0.234
1576643656.798809 0.163 0.023 0.238
1576643656.815451 0.166 0.024 0.242
1576643656.832928 0.170 0.025 0.247
1576643656.849252 0.174 0.026 0.251
1576643656.866035 0.177 0.027 0.255
1576643656.881997 0.181 0.027 0.258
1576643656.898748 0.184 0.028 0.263
1576643656.916473 0.188 0.029 0.267
1576643656.933300 0.192 0.030 0.271
1576643656.950567 0.196 0.031 0.275
1576643656.967021 0.199 0.032 0.279
1576643656.983123 0.203 0.034 0.283
1576643657.000582 0.206 0.035 0.287
1576643657.017179 0.210 0.036 0.291
1576643657.034438 0.214 0.037 0.295
1576643657.050749 0.217 0.038 0.299
1576643657.065893 0.221 0.039 0.303
1576643657.081149 0.224 0.040 0.307
1576643657.097415 0.227 0.041 0.311
1576643657.114109 0.231 0.042 0.315
1576643657.132279 0.235 0.044 0.319
1576643657.149096 0.238 0.045 0.323
1576643657.165615 0.242 0.046 0.327
1576643657.182388 0.246 0.047 0.331
1576643657.198548 0.249 0.049 0.335
1576643657.215651 0.253 0.050 0.339
1576643657.232099 0.256 0.051 0.343
1576643657.248603 0.259 0.052 0.347
1576643657.265462 0.263 0.054 0.351
1576643657.282207 0.266 0.055 0.356
1576643657.298664 0.270 0.056 0.359
1576643657.315811 0.274 0.058 0.364
1576643657.331961 0.277 0.059 0.368
1576643657.349063 0.280 0.061 0.372
1576643657.365445 0.284 0.062 0.376
1576643657.382265 0.287 0.063 0.380
1576643657.398996 0.291 0.065 0.384
1576643657.416225 0.294 0.066 0.388
1576643657.432577 0.298 0.068 0.392
1576643657.449012 0.301 0.069 0.396
1576643657.465866 0.304 0.071 0.400
1576643657.482014 0.308 0.072 0.404
1576643657.498837 0.311 0.074 0.408
1576643657.515515 0.315 0.075 0.412
1576643657.532045 0.318 0.077 0.416
1576643657.548946 0.322 0.078 0.420
1576643657.565568 0.325 0.080 0.424
1576643657.582376 0.328 0.081 0.429
1576643657.598868 0.332 0.083 0.433
1576643657.615679 0.335 0.084 0.438
1576643657.632124 0.339 0.086 0.442
1576643657.648647 0.342 0.088 0.447
1576643657.665292 0.346 0.089 0.453
1576643657.682249 0.349 0.091 0.458
1576643657.698787 0.352 0.093 0.464
1576643657.716119 0.356 0.094 0.470
1576643657.732255 0.359 0.096 0.476
1576643657.748810 0.362 0.098 0.482
1576643657.765461 0.365 0.100 0.488
1576643657.781943 0.369 0.101 0.493
1576643657.799007 0.372 0.103 0.500
1576643657.815901 0.376 0.105 0.506
1576643657.832358 0.379 0.107 0.511
1576643657.848935 0.382 0.109 0.517
1576643657.865616 0.385 0.110 0.523
1576643657.882616 0.389 0.112 0.529
1576643657.899190 0.392 0.114 0.535
1576643657.916609 0.395 0.116 0.541
1576643657.933640 0.399 0.118 0.547
1576643657.950584 0.402 0.120 0.553
1576643657.966217 0.405 0.122 0.559
1576643657.983717 0.408 0.124 0.565
1576643658.000355 0.411 0.126 0.571
1576643658.017646 0.415 0.128 0.578
1576643658.034018 0.418 0.130 0.583
1576643658.050228 0.421 0.132 0.589
1576643658.065043 0.423 0.134 0.594
1576643658.083360 0.427 0.136 0.601
1576643658.099311 0.430 0.138 0.606
1576643658.116136 0.433 0.141 0.612
1576643658.132552 0.436 0.143 0.618
1576643658.148654 0.439 0.145 0.624
1576643658.165775 0.442 0.147 0.630
1576643658.182022 0.445 0.149 0.636
1576643658.199017 0.448 0.152 0.642
1576643658.215667 0.451 0.154 0.648
1576643658.232108 0.454 0.156 0.654
1576643658.248475 0.457 0.159 0.660
1576643658.265220 0.460 0.161 0.667
1576643658.282249 0.463 0.163 0.674
1576643658.298896 0.466 0.166 0.681
1576643658.315715 0.469 0.168 0.688
1576643658.332284 0.472 0.170 0.695
1576643658.348838 0.475 0.173 0.703
1576643658.365412 0.478 0.175 0.711
1576643658.381974 0.480 0.178 0.718
1576643658.398885 0.483 0.180 0.726
1576643658.415816 0.486 0.183 0.734
1576643658.431779 0.489 0.185 0.741
1576643658.448457 0.492 0.188 0.749
1576643658.465062 0.494 0.190 0.757
1576643658.482224 0.497 0.193 0.764
1576643658.499111 0.500 0.196 0.772
1576643658.515427 0.503 0.198 0.780
1576643658.532599 0.505 0.201 0.788
1576643658.549368 0.508 0.204 0.795
1576643658.565411 0.510 0.206 0.803
1576643658.582278 0.513 0.209 0.811
1576643658.599106 0.516 0.212 0.818
1576643658.615933 0.518 0.214 0.826
1576643658.632160 0.521 0.217 0.833
1576643658.648923 0.523 0.220 0.841
1576643658.665921 0.526 0.223 0.849
1576643658.682184 0.528 0.225 0.857
1576643658.699104 0.531 0.228 0.864
1576643658.715389 0.533 0.231 0.872
1576643658.732254 0.535 0.234 0.879
1576643658.748652 0.538 0.237 0.887
1576643658.765792 0.540 0.240 0.895
1576643658.782368 0.542 0.243 0.903
1576643658.799086 0.545 0.246 0.910
1576643658.815904 0.547 0.249 0.918
1576643658.831949 0.549 0.252 0.925
1576643658.849265 0.552 0.255 0.933
1576643658.865374 0.554 0.258 0.941
1576643658.882569 0.557 0.262 0.949
1576643658.898690 0.559 0.265 0.956
1576643658.915996 0.562 0.270 0.964
1576643658.932829 0.565 0.274 0.972
1576643658.950266 0.569 0.279 0.980
1576643658.966196 0.572 0.283 0.987
1576643658.981856 0.575 0.288 0.995
1576643658.998008 0.578 0.293 1.002
1576643659.012730 0.581 0.298 1.009
1576643659.029145 0.585 0.304 1.016
1576643659.045883 0.589 0.310 1.024
1576643659.062664 0.593 0.316 1.032
1576643659.079911 0.597 0.323 1.040
1576643659.096680 0.601 0.330 1.047
1576643659.113487 0.605 0.337 1.055
1576643659.131276 0.609 0.345 1.063
1576643659.148005 0.613 0.352 1.071
1576643659.164683 0.617 0.360 1.079
1576643659.181031 0.621 0.367 1.086
1576643659.198022 0.625 0.374 1.094
1576643659.214840 0.629 0.382 1.102
1576643659.231924 0.633 0.389 1.109
1576643659.248464 0.636 0.397 1.117
1576643659.265219 0.640 0.404 1.125
1576643659.282078 0.643 0.412 1.133
1576643659.299053 0.647 0.419 1.140
1576643659.315970 0.650 0.427 1.148
1576643659.332304 0.654 0.435 1.155
1576643659.349283 0.657 0.443 1.163
1576643659.365173 0.660 0.450 1.171
1576643659.381801 0.664 0.458 1.178
1576643659.398430 0.667 0.466 1.186
1576643659.415290 0.670 0.473 1.194
1576643659.431926 0.673 0.481 1.201
1576643659.448560 0.676 0.489 1.209
1576643659.465261 0.679 0.497 1.217
1576643659.481901 0.682 0.505 1.224
1576643659.498166 0.685 0.512 1.231
1576643659.514831 0.688 0.520 1.238
1576643659.531836 0.691 0.529 1.245
1576643659.548327 0.693 0.536 1.251
1576643659.565490 0.696 0.545 1.257
1576643659.581881 0.699 0.552 1.263
1576643659.598604 0.701 0.560 1.269
1576643659.615588 0.704 0.568 1.274
1576643659.632233 0.706 0.577 1.280
1576643659.648995 0.709 0.585 1.285
1576643659.665914 0.711 0.593 1.289
1576643659.682416 0.714 0.601 1.294
1576643659.699017 0.716 0.609 1.298
1576643659.715864 0.718 0.617 1.303
1576643659.731662 0.720 0.625 1.306
1576643659.747174 0.722 0.632 1.310
1576643659.765886 0.725 0.641 1.314
1576643659.781907 0.727 0.649 1.317
1576643659.799006 0.729 0.657 1.321
1576643659.815952 0.731 0.666 1.324
1576643659.832408 0.733 0.674 1.328
1576643659.848603 0.735 0.681 1.331
1576643659.865141 0.737 0.690 1.334
1576643659.881769 0.739 0.698 1.338
1576643659.898347 0.741 0.706 1.341
1576643659.915121 0.743 0.714 1.345
1576643659.933168 0.745 0.723 1.348
1576643659.949378 0.747 0.731 1.352
1576643659.966544 0.748 0.739 1.355
1576643659.981603 0.750 0.747 1.358
1576643659.995638 0.752 0.754 1.360
1576643660.011938 0.754 0.762 1.362
1576643660.029279 0.755 0.770 1.365
1576643660.046534 0.757 0.779 1.367
1576643660.064236 0.759 0.787 1.369
1576643660.081006 0.761 0.796 1.370
1576643660.097000 0.763 0.804 1.372
1576643660.113392 0.764 0.812 1.373
1576643660.131028 0.766 0.820 1.374
1576643660.147462 0.768 0.828 1.374
1576643660.164762 0.769 0.837 1.375
1576643660.181340 0.771 0.845 1.375
1576643660.197536 0.772 0.853 1.375
1576643660.214631 0.774 0.861 1.375
1576643660.231261 0.776 0.869 1.374
1576643660.247793 0.778 0.878 1.374
1576643660.264662 0.779 0.886 1.373
1576643660.281425 0.781 0.894 1.372
1576643660.297771 0.783 0.902 1.371
1576643660.314770 0.784 0.910 1.369
1576643660.331321 0.786 0.918 1.367
1576643660.347766 0.788 0.926 1.365
1576643660.364355 0.789 0.935 1.363
1576643660.381117 0.791 0.943 1.361
1576643660.397709 0.793 0.951 1.358
1576643660.414294 0.795 0.959 1.355
1576643660.431069 0.797 0.967 1.352
1576643660.447965 0.799 0.976 1.349
1576643660.464983 0.800 0.984 1.345
1576643660.481861 0.802 0.992 1.342
1576643660.498106 0.804 1.000 1.338
1576643660.514248 0.806 1.008 1.334
1576643660.531970 0.808 1.017 1.329
1576643660.548357 0.810 1.025 1.325
1576643660.565213 0.813 1.033 1.320
1576643660.581831 0.815 1.041 1.315
1576643660.598434 0.817 1.049 1.309
1576643660.615244 0.819 1.057 1.304
1576643660.632250 0.821 1.065 1.298
1576643660.648491 0.824 1.073 1.292
1576643660.665111 0.826 1.081 1.286
1576643660.681911 0.829 1.089 1.279
1576643660.698154 0.831 1.097 1.273
1576643660.715466 0.833 1.105 1.266
1576643660.732071 0.836 1.113 1.259
1576643660.748780 0.839 1.121 1.252
1576643660.764945 0.841 1.129 1.244
1576643660.782073 0.844 1.137 1.236
1576643660.797944 0.847 1.145 1.229
1576643660.815329 0.850 1.153 1.220
1576643660.832070 0.853 1.161 1.212
1576643660.848563 0.856 1.168 1.203
1576643660.865392 0.859 1.176 1.195
1576643660.881807 0.862 1.184 1.185
1576643660.898133 0.865 1.191 1.176
1576643660.915379 0.868 1.199 1.167
1576643660.933046 0.872 1.207 1.156
1576643660.949867 0.875 1.215 1.146
1576643660.967142 0.879 1.223 1.136
1576643660.982814 0.882 1.230 1.126
1576643660.999466 0.886 1.238 1.115
1576643661.017074 0.890 1.246 1.104
1576643661.033511 0.894 1.253 1.093
1576643661.049808 0.897 1.260 1.082
1576643661.067402 0.902 1.268 1.070
1576643661.083462 0.906 1.275 1.058
1576643661.100137 0.910 1.283 1.046
1576643661.115521 0.914 1.289 1.035
1576643661.132230 0.918 1.297 1.023
1576643661.148041 0.922 1.303 1.012
1576643661.164933 0.927 1.310 1.000
1576643661.181704 0.931 1.317 0.988
1576643661.198590 0.936 1.324 0.976
1576643661.215089 0.940 1.331 0.964
1576643661.231924 0.945 1.338 0.952
1576643661.248369 0.950 1.344 0.941
1576643661.265001 0.955 1.351 0.929
1576643661.281716 0.960 1.358 0.917
1576643661.298593 0.965 1.365 0.905
1576643661.314992 0.971 1.371 0.893
1576643661.331770 0.976 1.378 0.881
1576643661.347867 0.981 1.384 0.869
1576643661.365172 0.987 1.390 0.857
1576643661.381828 0.992 1.397 0.845
1576643661.398661 0.998 1.403 0.833
1576643661.415401 1.003 1.409 0.821
1576643661.431869 1.009 1.415 0.809
1576643661.447890 1.015 1.421 0.797
1576643661.465205 1.021 1.427 0.785
1576643661.481778 1.027 1.433 0.773
1576643661.498480 1.033 1.439 0.761
1576643661.515251 1.039 1.445 0.749
1576643661.531579 1.045 1.450 0.737
1576643661.548244 1.051 1.456 0.725
1576643661.564862 1.058 1.461 0.713
1576643661.581715 1.064 1.467 0.701
1576643661.598417 1.071 1.472 0.689
1576643661.614685 1.077 1.478 0.678
1576643661.631331 1.084 1.483 0.666
1576643661.648398 1.091 1.488 0.653
1576643661.664880 1.097 1.493 0.642
1576643661.681465 1.104 1.498 0.630
1576643661.697967 1.111 1.503 0.617
1576643661.715494 1.118 1.508 0.605
1576643661.731419 1.124 1.513 0.593
1576643661.748219 1.131 1.517 0.581
1576643661.764978 1.138 1.522 0.569
1576643661.781540 1.146 1.526 0.557
1576643661.798092 1.153 1.531 0.545
1576643661.814873 1.160 1.535 0.533
1576643661.831406 1.167 1.540 0.521
1576643661.848593 1.175 1.544 0.509
1576643661.865170 1.182 1.548 0.497
1576643661.881706 1.190 1.552 0.485
1576643661.898207 1.197 1.556 0.473
1576643661.915068 1.205 1.560 0.461
1576643661.931494 1.212 1.563 0.450
1576643661.950306 1.221 1.567 0.436
1576643661.966935 1.228 1.571 0.424
1576643661.982598 1.235 1.574 0.413
1576643661.999229 1.243 1.577 0.401
1576643662.016921 1.251 1.581 0.388
1576643662.032691 1.259 1.584 0.377
1576643662.049967 1.267 1.587 0.364
1576643662.066537 1.275 1.590 0.352
1576643662.082618 1.282 1.593 0.341
1576643662.098148 1.290 1.595 0.329
1576643662.114965 1.298 1.598 0.317
1576643662.131072 1.306 1.601 0.306
1576643662.147302 1.314 1.603 0.294
1576643662.164209 1.322 1.605 0.282
1576643662.180891 1.330 1.607 0.270
1576643662.197115 1.338 1.609 0.258
1576643662.214178 1.346 1.612 0.246
1576643662.231522 1.354 1.614 0.234
1576643662.248118 1.362 1.616 0.222
1576643662.264596 1.370 1.617 0.210
1576643662.281506 1.379 1.619 0.198
1576643662.297918 1.387 1.621 0.186
1576643662.314729 1.395 1.622 0.174
1576643662.331369 1.403 1.624 0.162
1576643662.347676 1.411 1.625 0.150
1576643662.364434 1.420 1.626 0.138
1576643662.381334 1.428 1.627 0.126
1576643662.398242 1.436 1.628 0.114
1576643662.414193 1.445 1.629 0.103
1576643662.430973 1.453 1.630 0.091
1576643662.448504 1.462 1.631 0.078
1576643662.464424 1.470 1.632 0.067
1576643662.481220 1.478 1.632 0.055
1576643662.497670 1.486 1.633 0.043
1576643662.515052 1.495 1.633 0.031
1576643662.530826 1.503 1.633 0.019
1576643662.548284 1.511 1.633 0.007
1576643662.564954 1.520 1.633 -0.005
1576643662.581076 1.528 1.633 -0.017
1576643662.597674 1.536 1.633 -0.029
1576643662.614612 1.544 1.633 -0.041
1576643662.631613 1.553 1.632 -0.053
1576643662.648988 1.562 1.632 -0.066
1576643662.665187 1.570 1.631 -0.077
1576643662.682019 1.578 1.631 -0.089
1576643662.698145 1.586 1.630 -0.101
1576643662.715024 1.595 1.629 -0.113
1576643662.731934 1.603 1.628 -0.125
1576643662.747712 1.611 1.627 -0.137
1576643662.764160 1.619 1.626 -0.148
1576643662.780832 1.627 1.625 -0.160
1576643662.797448 1.636 1.623 -0.172
1576643662.813920 1.644 1.622 -0.184
1576643662.830842 1.652 1.620 -0.196
1576643662.847384 1.660 1.618 -0.208
1576643662.864240 1.668 1.617 -0.220
1576643662.880794 1.677 1.615 -0.232
1576643662.897603 1.685 1.613 -0.244
1576643662.914776 1.693 1.611 -0.256
1576643662.930947 1.701 1.609 -0.268
1576643662.947551 1.709 1.606 -0.280
1576643662.964631 1.718 1.604 -0.292
1576643662.981208 1.726 1.602 -0.304
1576643662.998101 1.734 1.599 -0.317
1576643663.014497 1.741 1.596 -0.328
1576643663.030960 1.749 1.594 -0.340
1576643663.048101 1.757 1.591 -0.352
1576643663.064630 1.765 1.588 -0.364
1576643663.081722 1.773 1.585 -0.377
1576643663.097887 1.781 1.582 -0.388
1576643663.114453 1.789 1.579 -0.400
1576643663.131210 1.796 1.575 -0.412
1576643663.147767 1.804 1.572 -0.424
1576643663.163995 1.811 1.569 -0.436
1576643663.180806 1.819 1.565 -0.448
1576643663.197206 1.827 1.561 -0.460
1576643663.214151 1.834 1.558 -0.472
1576643663.230848 1.842 1.554 -0.484
1576643663.247130 1.849 1.550 -0.495
1576643663.263937 1.856 1.546 -0.507
1576643663.280802 1.863 1.542 -0.519
1576643663.297525 1.871 1.538 -0.531
1576643663.313950 1.878 1.534 -0.543
1576643663.330435 1.885 1.530 -0.555
1576643663.347040 1.892 1.526 -0.567
1576643663.364025 1.899 1.521 -0.579
1576643663.380686 1.906 1.516 -0.591
1576643663.397613 1.913 1.512 -0.603
1576643663.413760 1.920 1.507 -0.615
1576643663.430605 1.926 1.502 -0.626
1576643663.447357 1.933 1.497 -0.638
1576643663.463908 1.940 1.492 -0.649
1576643663.480849 1.947 1.487 -0.660
1576643663.497368 1.953 1.482 -0.671
1576643663.514033 1.960 1.477 -0.682
1576643663.530340 1.966 1.472 -0.692
1576643663.547146 1.973 1.467 -0.702
1576643663.563706 1.979 1.461 -0.712
1576643663.580503 1.986 1.456 -0.722
1576643663.597501 1.992 1.450 -0.731
1576643663.613759 1.998 1.445 -0.740
1576643663.630952 2.004 1.439 -0.750
1576643663.647215 2.011 1.433 -0.758
1576643663.664041 2.017 1.427 -0.767
1576643663.680422 2.022 1.422 -0.775
1576643663.697488 2.028 1.416 -0.783
1576643663.714137 2.034 1.410 -0.791
1576643663.730943 2.040 1.404 -0.799
1576643663.747983 2.047 1.398 -0.806
1576643663.764400 2.052 1.392 -0.813
1576643663.781094 2.058 1.386 -0.820
1576643663.797523 2.064 1.379 -0.827
1576643663.813615 2.069 1.374 -0.834
1576643663.830549 2.075 1.367 -0.840
1576643663.847713 2.081 1.361 -0.846
1576643663.864417 2.086 1.355 -0.852
1576643663.880905 2.092 1.348 -0.858
1576643663.897590 2.097 1.342 -0.863
1576643663.914179 2.103 1.336 -0.869
1576643663.930941 2.108 1.329 -0.874
1576643663.947979 2.114 1.323 -0.879
1576643663.964472 2.119 1.316 -0.883
1576643663.981154 2.124 1.310 -0.888
1576643663.997858 2.130 1.304 -0.892
1576643664.014300 2.135 1.297 -0.896
1576643664.031221 2.140 1.291 -0.900
1576643664.047434 2.145 1.284 -0.904
1576643664.064058 2.150 1.278 -0.908
1576643664.083520 2.156 1.270 -0.913
1576643664.098961 2.161 1.264 -0.917
1576643664.116507 2.166 1.257 -0.922
1576643664.132298 2.171 1.251 -0.926
1576643664.147754 2.176 1.245 -0.930
1576643664.164979 2.181 1.238 -0.934
1576643664.181268 2.186 1.231 -0.938
1576643664.198074 2.191 1.225 -0.942
1576643664.214687 2.196 1.218 -0.947
1576643664.230653 2.200 1.211 -0.951
1576643664.248180 2.205 1.204 -0.955
1576643664.264213 2.210 1.197 -0.959
1576643664.281072 2.215 1.191 -0.962
1576643664.297177 2.220 1.184 -0.966
1576643664.313815 2.225 1.177 -0.969
1576643664.330424 2.229 1.170 -0.972
1576643664.347053 2.234 1.163 -0.975
1576643664.363538 2.239 1.156 -0.977
1576643664.380381 2.244 1.149 -0.980
1576643664.397152 2.248 1.142 -0.982
1576643664.413702 2.253 1.135 -0.984
1576643664.430056 2.257 1.129 -0.986
1576643664.446771 2.262 1.122 -0.987
1576643664.463709 2.267 1.115 -0.988
1576643664.480282 2.271 1.108 -0.990
1576643664.497124 2.276 1.101 -0.991
1576643664.513705 2.281 1.094 -0.992
1576643664.530101 2.285 1.087 -0.993
1576643664.546770 2.290 1.080 -0.994
1576643664.563713 2.295 1.073 -0.995
1576643664.580132 2.299 1.066 -0.996
1576643664.596644 2.303 1.060 -0.997
1576643664.613645 2.308 1.052 -0.999
1576643664.630218 2.313 1.045 -1.000
1576643664.646749 2.317 1.038 -1.001
1576643664.663443 2.322 1.031 -1.002
1576643664.679889 2.326 1.025 -1.003
1576643664.696675 2.331 1.018 -1.004
1576643664.713520 2.335 1.011 -1.005
1576643664.730891 2.340 1.003 -1.007
1576643664.747284 2.344 0.997 -1.008
1576643664.763765 2.349 0.989 -1.009
1576643664.780243 2.353 0.983 -1.010
1576643664.797678 2.358 0.975 -1.011
1576643664.814062 2.362 0.969 -1.012
1576643664.830566 2.366 0.962 -1.013
1576643664.847129 2.371 0.955 -1.014
1576643664.864129 2.375 0.948 -1.015
1576643664.880411 2.379 0.941 -1.016
1576643664.897148 2.384 0.934 -1.016
1576643664.914051 2.388 0.927 -1.016
1576643664.930612 2.393 0.920 -1.016
1576643664.946990 2.397 0.912 -1.016
1576643664.961278 2.401 0.906 -1.016
1576643664.980891 2.406 0.898 -1.015
1576643664.997406 2.411 0.891 -1.014
1576643665.013994 2.415 0.884 -1.013
1576643665.030711 2.420 0.877 -1.011
1576643665.047449 2.424 0.870 -1.010
1576643665.063357 2.428 0.863 -1.008
1576643665.081989 2.433 0.856 -1.007
1576643665.098099 2.437 0.849 -1.005
1576643665.115786 2.442 0.842 -1.003
1576643665.131557 2.447 0.835 -1.002
1576643665.148636 2.451 0.828 -1.000
1576643665.164763 2.456 0.821 -0.999
1576643665.180821 2.460 0.814 -0.997
1576643665.197734 2.465 0.807 -0.995
1576643665.213963 2.469 0.800 -0.994
1576643665.229808 2.474 0.794 -0.992
1576643665.246999 2.478 0.787 -0.991
1576643665.264009 2.483 0.780 -0.989
1576643665.280650 2.488 0.773 -0.987
1576643665.296902 2.492 0.766 -0.986
1576643665.312335 2.497 0.759 -0.984
1576643665.328872 2.501 0.752 -0.983
1576643665.345765 2.506 0.745 -0.981
1576643665.363810 2.511 0.738 -0.979
1576643665.380928 2.515 0.731 -0.978
1576643665.397181 2.520 0.724 -0.976
1576643665.414242 2.525 0.717 -0.975
1576643665.430795 2.530 0.710 -0.973
1576643665.446730 2.534 0.704 -0.971
1576643665.461946 2.539 0.697 -0.969
1576643665.479857 2.544 0.690 -0.967
1576643665.496982 2.549 0.683 -0.964
1576643665.514070 2.554 0.676 -0.961
1576643665.530044 2.558 0.670 -0.958
1576643665.547121 2.563 0.663 -0.955
1576643665.563638 2.568 0.656 -0.952
1576643665.580025 2.573 0.650 -0.948
1576643665.596805 2.578 0.643 -0.944
1576643665.613670 2.583 0.636 -0.940
1576643665.630129 2.588 0.630 -0.936
1576643665.646679 2.593 0.623 -0.931
1576643665.663474 2.598 0.617 -0.927
1576643665.680299 2.603 0.610 -0.922
1576643665.696910 2.608 0.603 -0.916
1576643665.713447 2.613 0.597 -0.911
1576643665.730254 2.618 0.590 -0.905
1576643665.746421 2.623 0.584 -0.899
1576643665.763323 2.628 0.578 -0.893
1576643665.780043 2.634 0.571 -0.887
1576643665.797030 2.639 0.565 -0.881
1576643665.813741 2.644 0.558 -0.874
1576643665.830784 2.650 0.552 -0.867
1576643665.847186 2.655 0.546 -0.861
1576643665.863845 2.661 0.539 -0.854
1576643665.880234 2.666 0.533 -0.848
1576643665.897330 2.672 0.527 -0.841
1576643665.913795 2.677 0.521 -0.835
1576643665.930377 2.683 0.515 -0.828
1576643665.947688 2.689 0.509 -0.822
1576643665.964662 2.694 0.503 -0.815
1576643665.982038 2.700 0.497 -0.808
1576643665.998744 2.706 0.491 -0.802
1576643666.015193 2.712 0.485 -0.795
1576643666.031523 2.717 0.479 -0.789
1576643666.047966 2.723 0.474 -0.783
1576643666.066008 2.730 0.467 -0.775
1576643666.081858 2.735 0.462 -0.769
1576643666.097769 2.741 0.457 -0.763
1576643666.114996 2.747 0.451 -0.756
1576643666.132265 2.753 0.445 -0.750
1576643666.148437 2.759 0.440 -0.743
1576643666.163540 2.765 0.435 -0.737
1576643666.180591 2.771 0.429 -0.731
1576643666.197378 2.777 0.424 -0.724
1576643666.213915 2.784 0.418 -0.717
1576643666.229736 2.789 0.413 -0.711
1576643666.246809 2.796 0.407 -0.704
1576643666.263348 2.802 0.402 -0.697
1576643666.280166 2.809 0.397 -0.691
1576643666.297634 2.815 0.392 -0.683
1576643666.313208 2.821 0.387 -0.676
1576643666.330063 2.828 0.382 -0.669
1576643666.346938 2.835 0.376 -0.661
1576643666.363125 2.841 0.371 -0.653
1576643666.379852 2.848 0.367 -0.645
1576643666.396931 2.854 0.361 -0.636
1576643666.413163 2.861 0.357 -0.628
1576643666.430477 2.868 0.352 -0.618
1576643666.446996 2.875 0.347 -0.609
1576643666.463760 2.882 0.342 -0.600
1576643666.480565 2.889 0.338 -0.591
1576643666.497039 2.895 0.333 -0.581
1576643666.513152 2.902 0.329 -0.572
1576643666.530195 2.909 0.324 -0.563
1576643666.546786 2.917 0.320 -0.553
1576643666.563132 2.923 0.316 -0.544
1576643666.579969 2.931 0.312 -0.535
1576643666.596510 2.938 0.307 -0.526
1576643666.613147 2.945 0.303 -0.516
1576643666.630263 2.952 0.299 -0.507
1576643666.646616 2.959 0.295 -0.498
1576643666.663397 2.966 0.291 -0.488
1576643666.679938 2.974 0.288 -0.479
1576643666.696384 2.981 0.284 -0.470
1576643666.713122 2.989 0.280 -0.461
1576643666.730175 2.996 0.277 -0.451
1576643666.746310 3.003 0.273 -0.442
1576643666.762945 3.011 0.270 -0.432
1576643666.779602 3.019 0.266 -0.423
1576643666.796583 3.026 0.263 -0.414
1576643666.813398 3.034 0.260 -0.404
1576643666.829801 3.041 0.257 -0.395
1576643666.846657 3.049 0.253 -0.386
1576643666.863898 3.057 0.250 -0.376
1576643666.879948 3.064 0.248 -0.367
1576643666.896608 3.072 0.245 -0.358
1576643666.913187 3.080 0.242 -0.349
1576643666.930329 3.088 0.239 -0.339
1576643666.946303 3.095 0.236 -0.330
1576643666.963700 3.103 0.234 -0.321
1576643666.982279 3.112 0.231 -0.310
1576643666.999043 3.120 0.228 -0.301
1576643667.015301 3.128 0.226 -0.292
1576643667.031083 3.135 0.224 -0.283
1576643667.047931 3.143 0.221 -0.274
1576643667.063982 3.151 0.219 -0.265
1576643667.081461 3.159 0.217 -0.255
1576643667.098671 3.168 0.215 -0.246
1576643667.115197 3.176 0.213 -0.236
1576643667.131169 3.183 0.211 -0.227
1576643667.148849 3.192 0.209 -0.218
1576643667.164822 3.200 0.207 -0.208
1576643667.180318 3.207 0.206 -0.200
1576643667.196570 3.215 0.204 -0.191
1576643667.213623 3.223 0.203 -0.181
1576643667.230102 3.231 0.201 -0.172
1576643667.246354 3.239 0.200 -0.163
1576643667.263016 3.247 0.199 -0.154
1576643667.279640 3.256 0.198 -0.144
1576643667.296444 3.264 0.196 -0.135
1576643667.313110 3.272 0.195 -0.126
1576643667.329746 3.280 0.194 -0.116
1576643667.346432 3.289 0.193 -0.107
1576643667.363423 3.297 0.193 -0.098
1576643667.379700 3.305 0.192 -0.088
1576643667.396466 3.313 0.191 -0.079
1576643667.412952 3.321 0.191 -0.070
1576643667.429625 3.330 0.190 -0.061
1576643667.446453 3.338 0.190 -0.051
1576643667.462634 3.346 0.189 -0.042
1576643667.479618 3.355 0.189 -0.033
1576643667.496136 3.363 0.189 -0.024
1576643667.510528 3.370 0.189 -0.016
1576643667.528353 3.379 0.189 -0.006
1576643667.545027 3.387 0.189 0.002
1576643667.561409 3.396 0.189 0.010
1576643667.578317 3.404 0.189 0.018
1576643667.594959 3.412 0.189 0.026
1576643667.611957 3.421 0.189 0.034
1576643667.628402 3.429 0.190 0.041
1576643667.645198 3.437 0.190 0.048
1576643667.662536 3.446 0.191 0.055
1576643667.679290 3.454 0.191 0.062
1576643667.696433 3.463 0.192 0.069
1576643667.712514 3.471 0.192 0.075
1576643667.729442 3.479 0.193 0.081
1576643667.745813 3.487 0.194 0.086
1576643667.762816 3.495 0.194 0.092
1576643667.779478 3.504 0.195 0.098
1576643667.795950 3.512 0.196 0.103
1576643667.812681 3.520 0.197 0.107
1576643667.829539 3.528 0.198 0.112
1576643667.845778 3.536 0.199 0.117
1576643667.862598 3.544 0.200 0.121
1576643667.879122 3.553 0.201 0.125
1576643667.896502 3.561 0.202 0.129
1576643667.913131 3.569 0.203 0.133
1576643667.929360 3.577 0.204 0.136
1576643667.945992 3.586 0.205 0.139
1576643667.962626 3.594 0.207 0.142
1576643667.980384 3.603 0.208 0.145
1576643667.997451 3.611 0.209 0.147
1576643668.013393 3.619 0.210 0.150
1576643668.030613 3.627 0.212 0.152
1576643668.047185 3.635 0.213 0.153
1576643668.064170 3.644 0.214 0.155
1576643668.081141 3.652 0.215 0.156
1576643668.097750 3.660 0.217 0.158
1576643668.114596 3.668 0.218 0.159
1576643668.130928 3.676 0.219 0.159
1576643668.147544 3.685 0.221 0.160
1576643668.163863 3.692 0.222 0.161
1576643668.179282 3.700 0.223 0.161
1576643668.195970 3.708 0.225 0.162
1576643668.212755 3.716 0.226 0.163
1576643668.229350 3.724 0.227 0.164
1576643668.246136 3.733 0.229 0.164
1576643668.262853 3.741 0.230 0.165
1576643668.279703 3.749 0.231 0.166
1576643668.295952 3.757 0.233 0.167
1576643668.312792 3.765 0.234 0.167
1576643668.329434 3.773 0.235 0.168
1576643668.345986 3.781 0.237 0.169
1576643668.362517 3.790 0.238 0.170
1576643668.379102 3.798 0.240 0.170
1576643668.395739 3.806 0.241 0.171
1576643668.412635 3.814 0.243 0.172
1576643668.429101 3.822 0.244 0.173
1576643668.445721 3.831 0.246 0.173
1576643668.462447 3.839 0.247 0.174
1576643668.479138 3.847 0.249 0.175
1576643668.495726 3.855 0.250 0.176
1576643668.512327 3.863 0.252 0.176
1576643668.529442 3.872 0.253 0.177
1576643668.545940 3.880 0.255 0.178
1576643668.562438 3.888 0.256 0.179
1576643668.579092 3.896 0.258 0.180
1576643668.595443 3.904 0.259 0.180
1576643668.612538 3.913 0.261 0.181
1576643668.629557 3.921 0.262 0.182
1576643668.645715 3.929 0.264 0.183
1576643668.662524 3.937 0.265 0.183
1576643668.679136 3.945 0.267 0.184
1576643668.695470 3.953 0.269 0.185
1576643668.712482 3.961 0.270 0.186
1576643668.729405 3.970 0.272 0.186
1576643668.745771 3.978 0.273 0.187
1576643668.762715 3.986 0.275 0.188
1576643668.779210 3.994 0.277 0.189
1576643668.795822 4.002 0.278 0.189
1576643668.813025 4.010 0.280 0.190
1576643668.829259 4.018 0.282 0.191
1576643668.846104 4.027 0.283 0.192
1576643668.862735 4.035 0.285 0.192
1576643668.879188 4.043 0.286 0.193
1576643668.895519 4.050 0.288 0.194
1576643668.912222 4.059 0.290 0.195
1576643668.929258 4.067 0.291 0.195
1576643668.946141 4.075 0.293 0.196
1576643668.962459 4.083 0.294 0.197
1576643668.980018 4.092 0.296 0.198
1576643668.997225 4.100 0.298 0.198
1576643669.014862 4.109 0.300 0.199
1576643669.030922 4.117 0.301 0.200
1576643669.047718 4.125 0.303 0.201
1576643669.064831 4.133 0.305 0.201
1576643669.079589 4.141 0.306 0.202
1576643669.097314 4.149 0.308 0.203
1576643669.115034 4.158 0.310 0.204
1576643669.130834 4.166 0.311 0.204
1576643669.147272 4.173 0.313 0.205
1576643669.164444 4.182 0.315 0.206
1576643669.181160 4.190 0.317 0.207
1576643669.195815 4.197 0.318 0.207
1576643669.212820 4.205 0.320 0.208
1576643669.229902 4.214 0.322 0.209
1576643669.246805 4.222 0.323 0.210
1576643669.262769 4.229 0.325 0.210
1576643669.279273 4.237 0.327 0.211
1576643669.296336 4.246 0.329 0.212
1576643669.312087 4.254 0.330 0.213
1576643669.329188 4.262 0.332 0.213
1576643669.346506 4.270 0.334 0.214
1576643669.362405 4.278 0.336 0.215
1576643669.379515 4.286 0.338 0.216
1576643669.396056 4.295 0.340 0.216
1576643669.413182 4.303 0.341 0.217
1576643669.429829 4.311 0.343 0.218
1576643669.446579 4.319 0.345 0.219
1576643669.463344 4.327 0.347 0.219
1576643669.479623 4.335 0.348 0.220
1576643669.496675 4.343 0.350 0.221
1576643669.512501 4.351 0.352 0.222
1576643669.529192 4.359 0.354 0.222
1576643669.546120 4.367 0.356 0.223
1576643669.562251 4.375 0.358 0.224
1576643669.578961 4.383 0.360 0.225
1576643669.595435 4.391 0.362 0.225
1576643669.613202 4.399 0.363 0.226
1576643669.629920 4.408 0.365 0.227
1576643669.646206 4.416 0.367 0.228
1576643669.662340 4.424 0.369 0.228
1576643669.679309 4.432 0.371 0.229
1576643669.696540 4.441 0.373 0.230
1576643669.712434 4.449 0.375 0.231
1576643669.728902 4.458 0.377 0.231
1576643669.745593 4.467 0.380 0.232
1576643669.762282 4.477 0.382 0.233
1576643669.779035 4.487 0.384 0.234
1576643669.795461 4.496 0.387 0.235
1576643669.812580 4.507 0.389 0.236
1576643669.829011 4.517 0.391 0.236
1576643669.845713 4.527 0.394 0.237
1576643669.862629 4.537 0.397 0.238
1576643669.878636 4.548 0.399 0.239
1576643669.895616 4.558 0.402 0.240
1576643669.912466 4.569 0.404 0.241
1576643669.929091 4.579 0.407 0.241
1576643669.945614 4.589 0.409 0.242
1576643669.963056 4.600 0.412 0.243
1576643669.980788 4.611 0.415 0.244
1576643669.997046 4.621 0.417 0.245
1576643670.013739 4.631 0.420 0.246
1576643670.030650 4.642 0.423 0.247
1576643670.047419 4.652 0.425 0.247
1576643670.063938 4.662 0.428 0.248
1576643670.081179 4.673 0.431 0.249
1576643670.097214 4.683 0.433 0.250
1576643670.114423 4.694 0.436 0.251
1576643670.130196 4.703 0.439 0.252
1576643670.147446 4.714 0.441 0.253
1576643670.164382 4.725 0.444 0.253
1576643670.180189 4.734 0.447 0.254
1576643670.196842 4.745 0.449 0.255
1576643670.212914 4.755 0.452 0.256
1576643670.229368 4.765 0.455 0.257
1576643670.246387 4.776 0.458 0.258
1576643670.262504 4.786 0.460 0.258
1576643670.279348 4.796 0.463 0.259
1576643670.296454 4.807 0.466 0.260
1576643670.312352 4.817 0.468 0.261
1576643670.328978 4.827 0.471 0.262
1576643670.345872 4.837 0.474 0.263
1576643670.361981 4.847 0.477 0.263
1576643670.378734 4.858 0.479 0.264
1576643670.395815 4.868 0.482 0.265
1576643670.412259 4.878 0.485 0.266
1576643670.429166 4.889 0.488 0.267
1576643670.445818 4.899 0.491 0.268
1576643670.463184 4.910 0.493 0.269
1576643670.478992 4.919 0.496 0.269
1576643670.496072 4.930 0.499 0.271
1576643670.513017 4.941 0.502 0.272
1576643670.529168 4.950 0.505 0.274
1576643670.546000 4.961 0.508 0.275
1576643670.562796 4.971 0.511 0.277
1576643670.579694 4.981 0.514 0.280
1576643670.595204 4.991 0.516 0.282
1576643670.611891 5.001 0.519 0.285
1576643670.628706 5.012 0.523 0.287
1576643670.645624 5.022 0.526 0.290
1576643670.662458 5.032 0.529 0.293
1576643670.679021 5.042 0.532 0.296
1576643670.695774 5.053 0.535 0.298
1576643670.712405 5.063 0.538 0.301
1576643670.728754 5.073 0.542 0.304
1576643670.743372 5.083 0.545 0.307
1576643670.761408 5.093 0.548 0.309
1576643670.778240 5.103 0.551 0.312
1576643670.794554 5.113 0.555 0.315
1576643670.811397 5.124 0.558 0.318
1576643670.828694 5.134 0.561 0.321
1576643670.845045 5.144 0.565 0.323
1576643670.861861 5.154 0.568 0.326
1576643670.878339 5.164 0.571 0.329
1576643670.894895 5.174 0.575 0.332
1576643670.911816 5.184 0.578 0.334
1576643670.928284 5.194 0.582 0.337
1576643670.945061 5.204 0.585 0.340
1576643670.961450 5.214 0.589 0.342
1576643670.978244 5.224 0.592 0.345
1576643670.995702 5.234 0.596 0.348
1576643671.013739 5.245 0.600 0.351
1576643671.030515 5.255 0.604 0.354
1576643671.047536 5.265 0.608 0.357
1576643671.064238 5.275 0.612 0.359
1576643671.080849 5.285 0.615 0.362
1576643671.097038 5.295 0.619 0.365
1576643671.114870 5.306 0.624 0.368
1576643671.129039 5.314 0.627 0.370
1576643671.147463 5.325 0.631 0.373
1576643671.163395 5.335 0.635 0.376
1576643671.180274 5.345 0.639 0.379
1576643671.197731 5.355 0.643 0.381
1576643671.212618 5.364 0.646 0.384
1576643671.229446 5.373 0.651 0.387
1576643671.246149 5.383 0.655 0.389
1576643671.262952 5.393 0.659 0.392
1576643671.278995 5.403 0.663 0.395
1576643671.296007 5.412 0.667 0.398
1576643671.312400 5.422 0.671 0.400
1576643671.328478 5.432 0.675 0.403
1576643671.345117 5.442 0.679 0.406
1576643671.361830 5.451 0.683 0.409
1576643671.378468 5.461 0.688 0.412
1576643671.394817 5.471 0.692 0.416
1576643671.411384 5.481 0.696 0.419
1576643671.428502 5.491 0.701 0.423
1576643671.445176 5.500 0.705 0.428
1576643671.461811 5.510 0.710 0.432
1576643671.478203 5.520 0.714 0.436
1576643671.495149 5.529 0.719 0.441
1576643671.511732 5.539 0.724 0.446
1576643671.528200 5.548 0.728 0.450
1576643671.545057 5.558 0.733 0.455
1576643671.561707 5.568 0.737 0.459
1576643671.578077 5.577 0.742 0.464
1576643671.595003 5.586 0.747 0.468
1576643671.612346 5.596 0.752 0.473
1576643671.628501 5.605 0.757 0.478
1576643671.645174 5.615 0.762 0.482
1576643671.661794 5.624 0.767 0.487
1576643671.678342 5.634 0.772 0.492
1576643671.695174 5.643 0.777 0.496
1576643671.711826 5.653 0.782 0.501
1576643671.728420 5.662 0.787 0.506
1576643671.745029 5.671 0.792 0.510
1576643671.761675 5.681 0.797 0.515
1576643671.778522 5.690 0.803 0.519
1576643671.795034 5.700 0.808 0.524
1576643671.811251 5.708 0.813 0.529
1576643671.828359 5.718 0.819 0.533
1576643671.844660 5.727 0.824 0.538
1576643671.861573 5.736 0.830 0.542
1576643671.878299 5.745 0.835 0.547
1576643671.894736 5.754 0.841 0.552
1576643671.911543 5.763 0.847 0.556
1576643671.928453 5.773 0.852 0.561
1576643671.944857 5.781 0.858 0.565
1576643671.961875 5.791 0.864 0.570
1576643671.978319 5.799 0.870 0.575
1576643671.994893 5.808 0.875 0.579
1576643672.012271 5.818 0.881 0.584
1576643672.028708 5.826 0.887 0.588
1576643672.045242 5.835 0.893 0.593
1576643672.062041 5.844 0.899 0.598
1576643672.078717 5.853 0.905 0.602
1576643672.095313 5.862 0.911 0.607
1576643672.112104 5.871 0.917 0.612
1576643672.128690 5.879 0.924 0.616
1576643672.145777 5.888 0.930 0.621
1576643672.161940 5.897 0.936 0.625
1576643672.178737 5.906 0.942 0.630
1576643672.195332 5.914 0.949 0.635
1576643672.212042 5.923 0.955 0.639
1576643672.228442 5.931 0.961 0.644
1576643672.245099 5.940 0.968 0.648
1576643672.261255 5.948 0.974 0.653
1576643672.278013 5.957 0.981 0.658
1576643672.294667 5.965 0.987 0.662
1576643672.311651 5.973 0.994 0.667
1576643672.328256 5.982 1.000 0.671
1576643672.344936 5.990 1.007 0.676
1576643672.361419 5.998 1.014 0.681
1576643672.377915 6.006 1.020 0.685
1576643672.394749 6.015 1.027 0.690
1576643672.411314 6.023 1.034 0.694
1576643672.427933 6.031 1.041 0.699
1576643672.444879 6.039 1.048 0.704
1576643672.461632 6.047 1.054 0.708
1576643672.478015 6.055 1.061 0.713
1576643672.494572 6.063 1.068 0.717
1576643672.511368 6.071 1.075 0.722
1576643672.528113 6.080 1.082 0.727
1576643672.544949 6.088 1.089 0.731
1576643672.561738 6.096 1.097 0.736
1576643672.577910 6.103 1.104 0.740
1576643672.594461 6.111 1.111 0.745
1576643672.611058 6.119 1.118 0.750
1576643672.628060 6.127 1.126 0.754
1576643672.644496 6.135 1.133 0.759
1576643672.661433 6.142 1.140 0.764
1576643672.677766 6.150 1.147 0.768
1576643672.694659 6.158 1.155 0.773
1576643672.711062 6.165 1.162 0.777
1576643672.727902 6.173 1.170 0.782
1576643672.744580 6.180 1.177 0.786
1576643672.761404 6.188 1.185 0.791
1576643672.777947 6.196 1.193 0.796
1576643672.794497 6.203 1.200 0.800
1576643672.811295 6.211 1.208 0.805
1576643672.827899 6.218 1.216 0.810
1576643672.844354 6.225 1.223 0.814
1576643672.861452 6.233 1.231 0.819
1576643672.877883 6.240 1.239 0.823
1576643672.894455 6.247 1.247 0.828
1576643672.911007 6.254 1.255 0.833
1576643672.927975 6.261 1.263 0.837
1576643672.944677 6.268 1.271 0.842
1576643672.961402 6.275 1.279 0.846
1576643672.977587 6.282 1.286 0.851
1576643672.994793 6.290 1.295 0.856
1576643673.011454 6.297 1.303 0.860
1576643673.028154 6.304 1.311 0.865
1576643673.045030 6.311 1.319 0.870
1576643673.061690 6.318 1.328 0.874
1576643673.078526 6.325 1.336 0.879
1576643673.095241 6.331 1.344 0.884
1576643673.111650 6.338 1.352 0.888
1576643673.128566 6.345 1.361 0.893
1576643673.145495 6.352 1.369 0.897
1576643673.161740 6.358 1.377 0.902
1576643673.178388 6.365 1.386 0.906
1576643673.195304 6.371 1.394 0.911
1576643673.211871 6.378 1.402 0.916
1576643673.228542 6.384 1.411 0.920
1576643673.245033 6.390 1.419 0.925
1576643673.261689 6.397 1.428 0.929
1576643673.278227 6.403 1.436 0.934
1576643673.295241 6.410 1.445 0.939
1576643673.311629 6.416 1.454 0.943
1576643673.328561 6.422 1.462 0.948
1576643673.345051 6.428 1.471 0.952
1576643673.361770 6.435 1.479 0.957
1576643673.378363 6.441 1.488 0.962
1576643673.395381 6.447 1.497 0.966
1576643673.411553 6.453 1.506 0.971
1576643673.428356 6.459 1.515 0.976
1576643673.445099 6.465 1.523 0.980
1576643673.461555 6.471 1.532 0.985
1576643673.478387 6.477 1.541 0.989
1576643673.494652 6.482 1.550 0.994
1576643673.511680 6.488 1.559 0.999
1576643673.528356 6.494 1.568 1.003
1576643673.544828 6.500 1.577 1.008
1576643673.561793 6.505 1.586 1.012
1576643673.578246 6.511 1.595 1.017
1576643673.594848 6.516 1.604 1.021
1576643673.611882 6.522 1.614 1.026
1576643673.628422 6.528 1.623 1.031
1576643673.644948 6.533 1.632 1.035
1576643673.661666 6.538 1.641 1.040
1576643673.678127 6.544 1.650 1.044
1576643673.695069 6.549 1.659 1.049
1576643673.711526 6.554 1.668 1.054
1576643673.728012 6.560 1.678 1.058
1576643673.744798 6.565 1.687 1.063
1576643673.761749 6.570 1.696 1.067
1576643673.778223 6.575 1.706 1.072
1576643673.795334 6.580 1.715 1.077
1576643673.811114 6.585 1.724 1.081
1576643673.828226 6.590 1.734 1.086
1576643673.844866 6.595 1.744 1.091
1576643673.862040 6.600 1.753 1.095
1576643673.878139 6.605 1.763 1.100
1576643673.894913 6.610 1.772 1.105
1576643673.911134 6.615 1.782 1.109
1576643673.927872 6.619 1.791 1.114
1576643673.944732 6.624 1.801 1.118
1576643673.961677 6.629 1.810 1.123
1576643673.978003 6.633 1.820 1.127
1576643673.994835 6.638 1.830 1.132
1576643674.013299 6.643 1.840 1.137
1576643674.029417 6.647 1.849 1.142
1576643674.045634 6.652 1.859 1.146
1576643674.062926 6.656 1.869 1.151
1576643674.080546 6.661 1.879 1.156
1576643674.096788 6.665 1.889 1.160
1576643674.113161 6.669 1.899 1.165
1576643674.130030 6.673 1.909 1.169
1576643674.145553 6.677 1.918 1.174
1576643674.163545 6.682 1.929 1.179
1576643674.180552 6.686 1.939 1.183
1576643674.196761 6.690 1.948 1.188
1576643674.211820 6.693 1.957 1.192
1576643674.228673 6.697 1.967 1.197
1576643674.243486 6.701 1.976 1.201
1576643674.259933 6.705 1.986 1.205
1576643674.276845 6.709 1.996 1.210
1576643674.295068 6.713 2.006 1.215
1576643674.312040 6.716 2.016 1.219
1576643674.328644 6.720 2.026 1.224
1576643674.344820 6.723 2.036 1.229
1576643674.361833 6.727 2.046 1.233
1576643674.378772 6.731 2.056 1.238
1576643674.394779 6.734 2.066 1.242
1576643674.411544 6.737 2.076 1.247
1576643674.427791 6.741 2.087 1.252
1576643674.444353 6.744 2.097 1.256
1576643674.460691 6.747 2.107 1.261
1576643674.477235 6.751 2.117 1.265
1576643674.494624 6.754 2.128 1.270
1576643674.511382 6.757 2.138 1.275
1576643674.528663 6.760 2.148 1.280
1576643674.544870 6.763 2.158 1.284
1576643674.561427 6.766 2.169 1.289
1576643674.578378 6.769 2.179 1.293
1576643674.594938 6.772 2.189 1.298
1576643674.611784 6.775 2.200 1.303
1576643674.627868 6.778 2.210 1.307
1576643674.643887 6.780 2.220 1.312
1576643674.660665 6.783 2.230 1.316
1576643674.677377 6.786 2.240 1.321
1576643674.694051 6.789 2.251 1.326
1576643674.710792 6.791 2.261 1.330
1576643674.727325 6.794 2.271 1.335
1576643674.744053 6.796 2.282 1.339
1576643674.760734 6.799 2.292 1.344
1576643674.777625 6.801 2.303 1.349
1576643674.794096 6.804 2.313 1.353
1576643674.810846 6.806 2.323 1.358
1576643674.827141 6.808 2.334 1.362
1576643674.844191 6.811 2.344 1.367
1576643674.860773 6.813 2.355 1.372
1576643674.877176 6.815 2.365 1.376
1576643674.894876 6.817 2.376 1.381
1576643674.911314 6.819 2.386 1.385
1576643674.928312 6.821 2.397 1.390
1576643674.944816 6.822 2.407 1.395
1576643674.961998 6.824 2.418 1.399
1576643674.978382 6.826 2.428 1.404
1576643674.994842 6.828 2.438 1.408
1576643675.013037 6.830 2.449 1.413
1576643675.028077 6.831 2.459 1.418
1576643675.044507 6.833 2.469 1.422
1576643675.063398 6.835 2.481 1.428
1576643675.078607 6.836 2.491 1.432
1576643675.095817 6.838 2.502 1.438
1576643675.112615 6.839 2.512 1.443
1576643675.128376 6.841 2.523 1.449
1576643675.144723 6.842 2.533 1.455
1576643675.162170 6.843 2.544 1.461
1576643675.178367 6.845 2.554 1.467
1576643675.194802 6.846 2.564 1.474
1576643675.213412 6.847 2.576 1.482
1576643675.229967 6.848 2.587 1.489
1576643675.244891 6.848 2.597 1.495
1576643675.261350 6.849 2.607 1.503
1576643675.277904 6.850 2.618 1.510
1576643675.294698 6.851 2.629 1.518
1576643675.311351 6.851 2.639 1.527
1576643675.327982 6.852 2.650 1.535
1576643675.344920 6.852 2.661 1.544
1576643675.361387 6.853 2.671 1.553
1576643675.377581 6.853 2.682 1.562
1576643675.393780 6.853 2.692 1.571
1576643675.410681 6.853 2.703 1.580
1576643675.427233 6.853 2.713 1.589
1576643675.443862 6.852 2.724 1.599
1576643675.460691 6.852 2.734 1.608
1576643675.477728 6.852 2.745 1.617
1576643675.494202 6.851 2.756 1.626
1576643675.510544 6.851 2.766 1.635
1576643675.527178 6.850 2.776 1.645
1576643675.543994 6.849 2.787 1.654
1576643675.560742 6.848 2.798 1.663
1576643675.577670 6.847 2.808 1.672
1576643675.594638 6.846 2.819 1.682
1576643675.611320 6.845 2.829 1.691
1576643675.628208 6.844 2.840 1.700
1576643675.644650 6.842 2.850 1.709
1576643675.660962 6.841 2.860 1.718
1576643675.678159 6.839 2.871 1.728
1576643675.695014 6.837 2.881 1.737
1576643675.711260 6.836 2.892 1.746
1576643675.728297 6.834 2.902 1.755
1576643675.744695 6.832 2.912 1.764
1576643675.761930 6.830 2.923 1.774
1576643675.777730 6.828 2.933 1.783
1576643675.794352 6.826 2.943 1.792
1576643675.810904 6.823 2.954 1.801
1576643675.827870 6.821 2.964 1.810
1576643675.844262 6.819 2.974 1.819
1576643675.860682 6.816 2.984 1.828
1576643675.877842 6.813 2.995 1.838
1576643675.894024 6.811 3.004 1.847
1576643675.910671 6.808 3.015 1.856
1576643675.927554 6.805 3.025 1.865
1576643675.944379 6.802 3.035 1.875
1576643675.960731 6.799 3.045 1.884
1576643675.977871 6.795 3.055 1.893
1576643675.994482 6.792 3.065 1.902
1576643676.010780 6.789 3.075 1.912
1576643676.027826 6.785 3.085 1.921
1576643676.046250 6.781 3.096 1.932
1576643676.063070 6.777 3.106 1.942
1576643676.079234 6.774 3.115 1.952
1576643676.096249 6.770 3.125 1.963
1576643676.112802 6.766 3.135 1.974
1576643676.129216 6.762 3.145 1.984
1576643676.146473 6.757 3.155 1.996
1576643676.162974 6.753 3.164 2.007
1576643676.177770 6.749 3.173 2.018
1576643676.195482 6.744 3.183 2.030
1576643676.212588 6.739 3.192 2.043
1576643676.229431 6.734 3.202 2.055
1576643676.246511 6.729 3.211 2.068
1576643676.261948 6.725 3.220 2.080
1576643676.278141 6.720 3.229 2.092
1576643676.294425 6.714 3.237 2.105
1576643676.311590 6.709 3.247 2.119
1576643676.328122 6.704 3.256 2.132
1576643676.344910 6.698 3.265 2.146
1576643676.361247 6.692 3.273 2.160
1576643676.378123 6.686 3.282 2.174
1576643676.394875 6.680 3.291 2.189
1576643676.411412 6.674 3.299 2.203
1576643676.427302 6.668 3.308 2.218
1576643676.444117 6.662 3.316 2.233
1576643676.460646 6.655 3.324 2.248
1576643676.477363 6.649 3.332 2.264
1576643676.493799 6.642 3.340 2.279
1576643676.510717 6.635 3.348 2.295
1576643676.527605 6.628 3.356 2.312
1576643676.543900 6.621 3.364 2.328
1576643676.560717 6.614 3.371 2.344
1576643676.577507 6.606 3.379 2.361
1576643676.594005 6.599 3.386 2.378
1576643676.610404 6.592 3.393 2.394
1576643676.626988 6.584 3.400 2.411
1576643676.644188 6.576 3.407 2.429
1576643676.660627 6.568 3.414 2.446
1576643676.677417 6.560 3.421 2.463
1576643676.693636 6.552 3.427 2.479
1576643676.710411 6.544 3.434 2.496
1576643676.727246 6.535 3.440 2.513
1576643676.743843 6.527 3.446 2.530
1576643676.760529 6.518 3.452 2.547
1576643676.777372 6.509 3.458 2.564
1576643676.793476 6.501 3.464 2.581
1576643676.810514 6.491 3.469 2.598
1576643676.826997 6.483 3.475 2.615
1576643676.844132 6.473 3.480 2.632
1576643676.860626 6.464 3.485 2.649
1576643676.877032 6.455 3.490 2.666
1576643676.893460 6.446 3.495 2.682
1576643676.911269 6.436 3.499 2.700
1576643676.928130 6.427 3.504 2.717
1576643676.944337 6.417 3.508 2.733
1576643676.960910 6.408 3.512 2.750
1576643676.978195 6.398 3.516 2.768
1576643676.994359 6.388 3.520 2.784
1576643677.010859 6.378 3.524 2.801
1576643677.028861 6.368 3.527 2.819
1576643677.045589 6.358 3.530 2.836
1576643677.062490 6.348 3.534 2.853
1576643677.080002 6.337 3.537 2.871
1576643677.095453 6.328 3.540 2.887
1576643677.112738 6.317 3.542 2.905
1576643677.128978 6.307 3.544 2.921
1576643677.145148 6.297 3.547 2.938
1576643677.163118 6.286 3.549 2.956
1576643677.179872 6.276 3.551 2.973
1576643677.196062 6.266 3.552 2.989
1576643677.212346 6.256 3.554 3.006
1576643677.228835 6.246 3.555 3.022
1576643677.245145 6.235 3.557 3.039
1576643677.261232 6.225 3.558 3.055
1576643677.278612 6.214 3.558 3.073
1576643677.294573 6.205 3.559 3.088
1576643677.311096 6.194 3.560 3.104
1576643677.327539 6.184 3.560 3.120
1576643677.344448 6.174 3.560 3.136
1576643677.360904 6.163 3.560 -3.132
1576643677.377892 6.153 3.560 -3.116
1576643677.394491 6.142 3.560 -3.101
1576643677.410881 6.132 3.559 -3.086
1576643677.427717 6.121 3.559 -3.071
1576643677.444272 6.111 3.558 -3.056
1576643677.460535 6.101 3.557 -3.042
1576643677.477201 6.090 3.556 -3.028
1576643677.493818 6.080 3.555 -3.014
1576643677.510950 6.069 3.553 -3.000
1576643677.527215 6.059 3.552 -2.987
1576643677.543673 6.049 3.550 -2.974
1576643677.560417 6.038 3.548 -2.961
1576643677.577331 6.028 3.546 -2.948
1576643677.593988 6.018 3.544 -2.935
1576643677.610856 6.008 3.542 -2.923
1576643677.626959 5.998 3.540 -2.911
1576643677.644108 5.987 3.537 -2.898
1576643677.660532 5.977 3.534 -2.887
1576643677.677293 5.967 3.532 -2.875
1576643677.694042 5.957 3.529 -2.864
1576643677.710392 5.947 3.526 -2.853
1576643677.727487 5.937 3.523 -2.842
1576643677.744391 5.927 3.520 -2.831
1576643677.760368 5.917 3.517 -2.821
1576643677.777246 5.907 3.514 -2.811
1576643677.794078 5.897 3.510 -2.801
1576643677.810405 5.888 3.507 -2.792
1576643677.826919 5.878 3.503 -2.782
1576643677.843694 5.868 3.499 -2.773
1576643677.860281 5.858 3.495 -2.763
1576643677.876960 5.848 3.492 -2.754
1576643677.893919 5.839 3.488 -2.745
1576643677.910475 5.829 3.483 -2.735
1576643677.926759 5.820 3.479 -2.726
1576643677.943413 5.810 3.475 -2.717
1576643677.960124 5.800 3.471 -2.707
1576643677.976783 5.791 3.466 -2.698
1576643677.993639 5.781 3.462 -2.689
1576643678.010090 5.772 3.457 -2.680
1576643678.027321 5.763 3.452 -2.670
1576643678.044228 5.753 3.448 -2.661
1576643678.060886 5.744 3.443 -2.651
1576643678.077486 5.735 3.438 -2.642
1576643678.094355 5.725 3.432 -2.633
1576643678.110846 5.717 3.427 -2.624
1576643678.129534 5.707 3.422 -2.613
1576643678.145302 5.698 3.417 -2.605
1576643678.162117 5.689 3.411 -2.595
1576643678.179591 5.680 3.406 -2.586
1576643678.196280 5.671 3.400 -2.577
1576643678.211224 5.663 3.395 -2.569
1576643678.229222 5.654 3.389 -2.560
1576643678.245852 5.645 3.383 -2.551
1576643678.262493 5.636 3.377 -2.543
1576643678.278296 5.628 3.372 -2.536
1576643678.294870 5.619 3.366 -2.528
1576643678.310917 5.611 3.360 -2.521
1576643678.328350 5.602 3.354 -2.513
1576643678.344691 5.594 3.348 -2.506
1576643678.361176 5.585 3.341 -2.500
1576643678.378381 5.577 3.335 -2.493
1576643678.394653 5.569 3.329 -2.487
1576643678.411493 5.560 3.322 -2.481
1576643678.425898 5.553 3.316 -2.475
1576643678.440817 5.545 3.311 -2.470
1576643678.457222 5.537 3.304 -2.465
1576643678.477780 5.528 3.297 -2.459
1576643678.494785 5.520 3.290 -2.454
1576643678.511007 5.512 3.284 -2.449
1576643678.528164 5.503 3.277 -2.444
1576643678.544622 5.496 3.270 -2.440
1576643678.561481 5.488 3.263 -2.436
1576643678.576936 5.480 3.257 -2.432
1576643678.593974 5.472 3.250 -2.429
1576643678.610551 5.464 3.243 -2.425
1576643678.627312 5.456 3.236 -2.422
1576643678.643864 5.448 3.229 -2.419
1576643678.660597 5.440 3.222 -2.416
1576643678.677540 5.432 3.215 -2.413
1576643678.693537 5.425 3.208 -2.411
1576643678.710188 5.417 3.202 -2.409
1576643678.727170 5.409 3.194 -2.407
1576643678.743342 5.402 3.188 -2.405
1576643678.759833 5.394 3.181 -2.404
1576643678.777045 5.386 3.173 -2.403
1576643678.793853 5.378 3.166 -2.402
1576643678.810139 5.370 3.159 -2.401
1576643678.827118 5.363 3.152 -2.400
1576643678.843225 5.355 3.145 -2.400
1576643678.860206 5.347 3.138 -2.400
1576643678.876878 5.340 3.131 -2.400
1576643678.894064 5.332 3.124 -2.400
1576643678.910178 5.324 3.117 -2.401
1576643678.927300 5.316 3.110 -2.402
1576643678.943966 5.309 3.103 -2.403
1576643678.960028 5.301 3.096 -2.404
1576643678.977249 5.293 3.089 -2.405
1576643678.994008 5.286 3.082 -2.407
1576643679.010791 5.278 3.075 -2.409
1576643679.029315 5.269 3.067 -2.411
1576643679.045734 5.261 3.060 -2.413
1576643679.062366 5.253 3.053 -2.416
1576643679.079292 5.246 3.046 -2.419
1576643679.095715 5.238 3.039 -2.421
1576643679.113081 5.230 3.032 -2.425
1576643679.128939 5.222 3.025 -2.428
1576643679.145456 5.214 3.018 -2.432
1576643679.163418 5.206 3.011 -2.436
1576643679.179128 5.198 3.005 -2.440
1576643679.193807 5.191 2.999 -2.444
1576643679.210588 5.183 2.992 -2.448
1576643679.227311 5.174 2.985 -2.453
1576643679.243976 5.166 2.979 -2.458
1576643679.260614 5.158 2.972 -2.463
1576643679.277063 5.150 2.965 -2.468
1576643679.294303 5.141 2.959 -2.474
1576643679.310140 5.134 2.953 -2.480
1576643679.326880 5.125 2.946 -2.486
1576643679.344166 5.117 2.940 -2.492
1576643679.360164 5.109 2.934 -2.499
1576643679.377106 5.100 2.927 -2.505
1576643679.393853 5.091 2.921 -2.512
1576643679.410191 5.083 2.915 -2.519
1576643679.426782 5.074 2.909 -2.527
1576643679.443778 5.066 2.903 -2.535
1576643679.460227 5.058 2.897 -2.542
1576643679.476782 5.049 2.891 -2.550
1576643679.493528 5.040 2.885 -2.559
1576643679.510396 5.031 2.880 -2.567
1576643679.527126 5.023 2.874 -2.576
1576643679.543876 5.014 2.868 -2.585
1576643679.560189 5.005 2.863 -2.594
1576643679.576653 4.996 2.858 -2.603
1576643679.593232 4.987 2.853 -2.613
1576643679.610135 4.978 2.847 -2.622
1576643679.626736 4.969 2.842 -2.632
1576643679.643671 4.960 2.837 -2.642
1576643679.660189 4.950 2.832 -2.652
1576643679.676654 4.941 2.827 -2.662
1576643679.693620 4.932 2.822 -2.672
1576643679.711028 4.922 2.818 -2.682
1576643679.727646 4.913 2.813 -2.692
1576643679.743946 4.903 2.808 -2.702
1576643679.760733 4.894 2.804 -2.712
1576643679.776851 4.884 2.800 -2.722
1576643679.794090 4.874 2.795 -2.732
1576643679.810653 4.865 2.792 -2.741
1576643679.827661 4.855 2.787 -2.752
1576643679.844109 4.845 2.783 -2.762
1576643679.860357 4.836 2.780 -2.771
1576643679.876721 4.826 2.776 -2.781
1576643679.893655 4.816 2.772 -2.791
1576643679.910509 4.806 2.769 -2.801
1576643679.926795 4.797 2.765 -2.810
1576643679.943974 4.787 2.762 -2.821
1576643679.960226 4.777 2.759 -2.830
1576643679.976695 4.767 2.756 -2.840
1576643679.993294 4.757 2.753 -2.850
1576643680.010278 4.747 2.750 -2.860
1576643680.027235 4.737 2.747 -2.870
1576643680.043610 4.727 2.744 -2.879
1576643680.060404 4.716 2.741 -2.889
1576643680.077283 4.706 2.739 -2.899
1576643680.093842 4.696 2.736 -2.909
1576643680.112849 4.684 2.734 -2.920
1576643680.128900 4.674 2.732 -2.930
1576643680.146243 4.664 2.729 -2.940
1576643680.162220 4.654 2.727 -2.949
1576643680.179265 4.643 2.725 -2.960
1576643680.195994 4.633 2.724 -2.970
1576643680.210971 4.624 2.722 -2.978
1576643680.229342 4.613 2.720 -2.989
1576643680.244366 4.603 2.719 -2.998
1576643680.260869 4.593 2.717 -3.008
1576643680.277395 4.582 2.716 -3.018
1576643680.293939 4.572 2.715 -3.028
1576643680.311274 4.561 2.714 -3.038
1576643680.327195 4.551 2.713 -3.047
1576643680.344039 4.540 2.712 -3.058
1576643680.359956 4.530 2.711 -3.067
1576643680.376515 4.520 2.710 -3.077
1576643680.393351 4.509 2.710 -3.087
1576643680.409754 4.499 2.709 -3.096
1576643680.426627 4.489 2.709 -3.106
1576643680.443131 4.478 2.709 -3.116
1576643680.460034 4.467 2.709 -3.126
1576643680.476612 4.457 2.708 -3.136
1576643680.493355 4.446 2.708 3.137
1576643680.509666 4.436 2.708 3.127
1576643680.526484 4.426 2.709 3.118
1576643680.542994 4.415 2.709 3.108
1576643680.559702 4.405 2.709 3.099
1576643680.576464 4.394 2.710 3.089
1576643680.592471 4.384 2.710 3.081
1576643680.610010 4.373 2.711 3.071
1576643680.626811 4.363 2.712 3.063
1576643680.643760 4.353 2.713 3.054
1576643680.660506 4.342 2.714 3.046
1576643680.677009 4.332 2.715 3.038
1576643680.693332 4.322 2.716 3.030
1576643680.709493 4.311 2.717 3.023
1576643680.726153 4.301 2.719 3.016
1576643680.742762 4.291 2.720 3.009
1576643680.759625 4.280 2.722 3.002
1576643680.775855 4.270 2.723 2.995
1576643680.793087 4.259 2.725 2.988
1576643680.809638 4.249 2.726 2.982
1576643680.826835 4.239 2.728 2.976
1576643680.843421 4.228 2.730 2.970
1576643680.860296 4.218 2.732 2.965
1576643680.877144 4.208 2.734 2.959
1576643680.893509 4.197 2.735 2.955
1576643680.910287 4.187 2.738 2.950
1576643680.926686 4.177 2.740 2.945
1576643680.943609 4.167 2.742 2.941
1576643680.960132 4.156 2.744 2.936
1576643680.976767 4.146 2.746 2.932
1576643680.992885 4.136 2.748 2.929
1576643681.009634 4.126 2.750 2.925
1576643681.027033 4.115 2.753 2.922
1576643681.045542 4.104 2.755 2.918
1576643681.061507 4.095 2.757 2.915
1576643681.078152 4.085 2.760 2.913
1576643681.095520 4.075 2.762 2.910
1576643681.111731 4.065 2.765 2.907
1576643681.127067 4.056 2.767 2.904
1576643681.145434 4.045 2.770 2.901
1576643681.161687 4.036 2.772 2.898
1576643681.178496 4.026 2.775 2.896
1576643681.194587 4.017 2.777 2.893
1576643681.211234 4.007 2.780 2.890
1576643681.228484 3.997 2.782 2.887
1576643681.244837 3.987 2.785 2.884
1576643681.261452 3.977 2.787 2.881
1576643681.278743 3.967 2.790 2.879
1576643681.295626 3.957 2.793 2.876
1576643681.310541 3.949 2.795 2.873
1576643681.326928 3.939 2.798 2.870
1576643681.343933 3.929 2.801 2.868
1576643681.359768 3.920 2.804 2.865
1576643681.376647 3.910 2.806 2.862
1576643681.393300 3.900 2.809 2.859
1576643681.409739 3.890 2.812 2.856
1576643681.426026 3.881 2.815 2.854
1576643681.442598 3.871 2.818 2.851
1576643681.458903 3.862 2.821 2.848
1576643681.476033 3.852 2.824 2.845
1576643681.492164 3.842 2.827 2.842
1576643681.509768 3.832 2.830 2.839
1576643681.526067 3.822 2.833 2.837
1576643681.542476 3.813 2.836 2.834
1576643681.559175 3.803 2.839 2.831
1576643681.575649 3.794 2.842 2.828
1576643681.592743 3.784 2.846 2.825
1576643681.609588 3.774 2.849 2.822
1576643681.625894 3.765 2.852 2.820
1576643681.642615 3.755 2.855 2.817
1576643681.658878 3.746 2.859 2.814
1576643681.675723 3.737 2.862 2.811
1576643681.692257 3.727 2.865 2.809
1576643681.709392 3.717 2.869 2.806
1576643681.725996 3.708 2.872 2.803
1576643681.742593 3.698 2.876 2.800
1576643681.759169 3.689 2.879 2.797
1576643681.775737 3.679 2.883 2.794
1576643681.792358 3.669 2.886 2.791
1576643681.809090 3.660 2.890 2.789
1576643681.825902 3.650 2.894 2.786
1576643681.842860 3.641 2.897 2.783
1576643681.859527 3.631 2.901 2.780
1576643681.876108 3.621 2.904 2.777
1576643681.892553 3.612 2.908 2.774
1576643681.909571 3.602 2.912 2.772
1576643681.926115 3.593 2.916 2.769
1576643681.942944 3.583 2.919 2.766
1576643681.959486 3.574 2.923 2.763
1576643681.975771 3.565 2.927 2.760
1576643681.992453 3.555 2.931 2.758
1576643682.009194 3.546 2.935 2.755
1576643682.026021 3.536 2.938 2.752
1576643682.042942 3.527 2.942 2.750
1576643682.059682 3.518 2.946 2.748
1576643682.076745 3.508 2.950 2.746
1576643682.091138 3.500 2.954 2.745
1576643682.106528 3.491 2.957 2.744
1576643682.123544 3.481 2.961 2.743
1576643682.140170 3.472 2.965 2.742
1576643682.156950 3.463 2.969 2.741
1576643682.173427 3.454 2.973 2.740
1576643682.195002 3.442 2.978 2.740
1576643682.211582 3.432 2.982 2.740
1576643682.227858 3.423 2.986 2.740
1576643682.243133 3.415 2.990 2.741
1576643682.261051 3.405 2.994 2.742
1576643682.278070 3.395 2.998 2.742
1576643682.293628 3.386 3.002 2.743
1576643682.311707 3.376 3.006 2.745
1576643682.327031 3.368 3.010 2.746
1576643682.343092 3.359 3.014 2.747
1576643682.360400 3.349 3.018 2.748
1576643682.376526 3.340 3.022 2.750
1576643682.393178 3.331 3.026 2.751
1576643682.409698 3.321 3.029 2.752
1576643682.426358 3.312 3.033 2.753
1576643682.443128 3.302 3.037 2.755
1576643682.460069 3.293 3.041 2.756
1576643682.476346 3.284 3.045 2.757
1576643682.493465 3.274 3.049 2.759
1576643682.509874 3.265 3.052 2.760
1576643682.526753 3.255 3.056 2.761
1576643682.542902 3.246 3.060 2.762
1576643682.560077 3.236 3.064 2.764
1576643682.576507 3.227 3.068 2.765
1576643682.593108 3.218 3.071 2.766
1576643682.609099 3.209 3.075 2.767
1576643682.625916 3.199 3.079 2.768
1576643682.642296 3.190 3.082 2.770
1576643682.658907 3.180 3.086 2.771
1576643682.675515 3.171 3.090 2.772
1576643682.691871 3.162 3.094 2.773
1576643682.709004 3.152 3.098 2.775
1576643682.725931 3.143 3.101 2.776
1576643682.742152 3.133 3.105 2.777
1576643682.758901 3.124 3.109 2.778
1576643682.775818 3.114 3.112 2.780
1576643682.792318 3.105 3.116 2.781
1576643682.809115 3.095 3.119 2.782
1576643682.825474 3.086 3.123 2.783
1576643682.842348 3.077 3.127 2.785
1576643682.858590 3.067 3.130 2.786
1576643682.875345 3.058 3.134 2.787
1576643682.892096 3.048 3.137 2.788
1576643682.908493 3.039 3.140 2.790
1576643682.925457 3.030 3.144 2.791
1576643682.941839 3.020 3.147 2.792
1576643682.958897 3.010 3.151 2.793
1576643682.975393 3.001 3.154 2.795
1576643682.992082 2.991 3.158 2.796
1576643683.008932 2.982 3.161 2.797
1576643683.025435 2.972 3.165 2.798
1576643683.042372 2.963 3.168 2.800
1576643683.058577 2.953 3.172 2.801
1576643683.075249 2.944 3.175 2.802
1576643683.092280 2.934 3.178 2.803
1576643683.109039 2.925 3.182 2.805
1576643683.125665 2.915 3.185 2.806
1576643683.142051 2.906 3.189 2.807
1576643683.158795 2.896 3.192 2.808
1576643683.175466 2.887 3.195 2.810
1576643683.192036 2.877 3.199 2.811
1576643683.208697 2.867 3.202 2.812
1576643683.225528 2.858 3.205 2.814
1576643683.241864 2.848 3.209 2.815
1576643683.258712 2.839 3.212 2.816
1576643683.275553 2.829 3.215 2.817
1576643683.292175 2.819 3.219 2.819
1576643683.308819 2.810 3.222 2.820
1576643683.325665 2.800 3.225 2.821
1576643683.342308 2.790 3.228 2.822
1576643683.358707 2.781 3.231 2.824
1576643683.376368 2.771 3.235 2.825
1576643683.392817 2.761 3.238 2.826
1576643683.409466 2.752 3.241 2.827
1576643683.426304 2.742 3.244 2.829
1576643683.443663 2.732 3.247 2.830
1576643683.460326 2.722 3.251 2.831
1576643683.476998 2.713 3.254 2.832
1576643683.493442 2.703 3.257 2.834
1576643683.509290 2.694 3.260 2.835
1576643683.525968 2.684 3.263 2.836
1576643683.543699 2.674 3.266 2.837
1576643683.559856 2.665 3.269 2.839
1576643683.576965 2.655 3.272 2.840
1576643683.594122 2.645 3.275 2.841
1576643683.610699 2.635 3.278 2.843
1576643683.627278 2.625 3.281 2.844
1576643683.643054 2.616 3.284 2.845
1576643683.659099 2.606 3.287 2.846
1576643683.675498 2.597 3.290 2.847
1576643683.691990 2.587 3.293 2.849
1576643683.709139 2.577 3.296 2.850
1576643683.726422 2.567 3.299 2.851
1576643683.743403 2.558 3.302 2.853
1576643683.760883 2.547 3.305 2.854
1576643683.777081 2.538 3.308 2.855
1576643683.792839 2.528 3.311 2.856
1576643683.808192 2.519 3.314 2.857
1576643683.825016 2.510 3.317 2.859
1576643683.841573 2.500 3.319 2.860
1576643683.857931 2.490 3.322 2.861
1576643683.874830 2.481 3.325 2.862
1576643683.891530 2.471 3.328 2.864
1576643683.910772 2.460 3.331 2.865
1576643683.927102 2.451 3.334 2.866
1576643683.943876 2.441 3.337 2.868
1576643683.960840 2.431 3.339 2.869
1576643683.977488 2.421 3.342 2.870
1576643683.993813 2.412 3.345 2.871
1576643684.010892 2.402 3.347 2.873
1576643684.027236 2.392 3.350 2.874
1576643684.042962 2.383 3.353 2.875
1576643684.057610 2.374 3.355 2.876
1576643684.074308 2.364 3.358 2.877
1576643684.093662 2.353 3.361 2.879
1576643684.109123 2.344 3.363 2.880
1576643684.125255 2.335 3.366 2.881
1576643684.142147 2.325 3.369 2.883
1576643684.159781 2.315 3.371 2.884
1576643684.175343 2.305 3.374 2.885
1576643684.192119 2.296 3.376 2.886
1576643684.208748 2.286 3.379 2.888
1576643684.225730 2.276 3.382 2.889
1576643684.242593 2.266 3.384 2.890
1576643684.258991 2.256 3.387 2.891
1576643684.276495 2.246 3.390 2.893
1576643684.293715 2.236 3.392 2.894
1576643684.309315 2.227 3.395 2.895
1576643684.323966 2.218 3.397 2.896
1576643684.341457 2.208 3.399 2.898
1576643684.358232 2.198 3.402 2.899
1576643684.374605 2.188 3.404 2.900
1576643684.390997 2.179 3.407 2.901
1576643684.407727 2.169 3.409 2.902
1576643684.424360 2.159 3.411 2.904
1576643684.440875 2.149 3.414 2.905
1576643684.457648 2.139 3.416 2.906
1576643684.474100 2.130 3.419 2.907
1576643684.490916 2.120 3.421 2.909
1576643684.509462 2.109 3.424 2.910
1576643684.526208 2.099 3.426 2.911
1576643684.542760 2.089 3.428 2.913
1576643684.558428 2.079 3.431 2.914
1576643684.574161 2.070 3.433 2.915
1576643684.590644 2.061 3.435 2.916
1576643684.607409 2.051 3.437 2.918
1576643684.624053 2.041 3.440 2.919
1576643684.640705 2.031 3.442 2.920
1576643684.657393 2.021 3.444 2.921
1576643684.673874 2.011 3.446 2.923
1576643684.691067 2.001 3.449 2.924
1576643684.707172 1.991 3.451 2.925
1576643684.724178 1.982 3.453 2.926
1576643684.740674 1.972 3.455 2.928
1576643684.757383 1.962 3.457 2.929
1576643684.774002 1.952 3.460 2.930
1576643684.790754 1.942 3.462 2.931
1576643684.807251 1.932 3.464 2.933
1576643684.825898 1.921 3.466 2.934
1576643684.842875 1.911 3.468 2.935
1576643684.859038 1.902 3.470 2.936
1576643684.875402 1.892 3.472 2.938
1576643684.892402 1.882 3.474 2.939
1576643684.908601 1.872 3.477 2.940
1576643684.925748 1.862 3.479 2.941
1576643684.942008 1.852 3.481 2.943
1576643684.958218 1.843 3.483 2.944
1576643684.975369 1.832 3.485 2.945
1576643684.991879 1.823 3.487 2.946
1576643685.008311 1.813 3.489 2.948
1576643685.025360 1.803 3.491 2.949
1576643685.041873 1.793 3.493 2.950
1576643685.058514 1.783 3.495 2.952
1576643685.075393 1.773 3.497 2.953
1576643685.091753 1.763 3.499 2.954
1576643685.108243 1.753 3.500 2.955
1576643685.124376 1.744 3.502 2.956
1576643685.141875 1.733 3.504 2.958
1576643685.158747 1.723 3.506 2.959
1576643685.175303 1.713 3.508 2.960
1576643685.192076 1.703 3.510 2.962
1576643685.208670 1.693 3.512 2.963
1576643685.225668 1.683 3.513 2.964
1576643685.241972 1.673 3.515 2.965
1576643685.258603 1.663 3.517 2.967
1576643685.275596 1.653 3.519 2.968
1576643685.292053 1.643 3.521 2.969
1576643685.308811 1.633 3.522 2.970
1576643685.325614 1.623 3.524 2.972
1576643685.341805 1.613 3.526 2.973
1576643685.358591 1.603 3.527 2.974
1576643685.375397 1.593 3.529 2.975
1576643685.392154 1.583 3.531 2.977
1576643685.408722 1.573 3.533 2.978
1576643685.425251 1.563 3.534 2.979
1576643685.442018 1.553 3.536 2.980
1576643685.458860 1.543 3.537 2.982
1576643685.475064 1.534 3.539 2.983
1576643685.491702 1.524 3.541 2.984
1576643685.507914 1.514 3.542 2.985
1576643685.524842 1.504 3.544 2.987
1576643685.541384 1.494 3.545 2.988
1576643685.558022 1.484 3.547 2.989
1576643685.574540 1.474 3.548 2.990
1576643685.591020 1.464 3.550 2.992
1576643685.607882 1.454 3.551 2.993
1576643685.625157 1.443 3.553 2.994
1576643685.642151 1.433 3.555 2.995
1576643685.658590 1.424 3.556 2.997
1576643685.675258 1.414 3.558 2.998
1576643685.691985 1.403 3.559 2.999
1576643685.708723 1.393 3.560 3.000
1576643685.725144 1.384 3.562 3.002
1576643685.741882 1.373 3.563 3.003
1576643685.758448 1.363 3.565 3.004
1576643685.774697 1.353 3.566 3.005
1576643685.789021 1.345 3.567 3.006
1576643685.805877 1.335 3.569 3.008
1576643685.824757 1.324 3.570 3.009
1576643685.841858 1.314 3.572 3.010
1576643685.858574 1.304 3.573 3.012
1576643685.875307 1.293 3.574 3.013
1576643685.892166 1.283 3.576 3.014
1576643685.908811 1.273 3.577 3.015
1576643685.925280 1.263 3.578 3.017
1576643685.942342 1.253 3.580 3.018
1576643685.959115 1.243 3.581 3.019
1576643685.975312 1.233 3.583 3.020
1576643685.992174 1.223 3.584 3.022
1576643686.008908 1.213 3.585 3.023
1576643686.025146 1.203 3.586 3.024
1576643686.042032 1.193 3.587 3.025
1576643686.060116 1.182 3.589 3.027
1576643686.076362 1.172 3.590 3.028
1576643686.093628 1.162 3.591 3.029
1576643686.109064 1.153 3.592 3.030
1576643686.126680 1.142 3.593 3.032
