1576643653.3155
1576643653.3332
1576643653.3495
1576643653.3670
1576643653.3845
1576643653.4017
1576643653.4187
1576643653.4343
1576643653.4497
1576643653.4662
1576643653.4824
1576643653.5001
1576643653.5160
1576643653.5339
1576643653.5504
1576643653.5686
1576643653.5829
1576643653.6009
1576643653.6169
1576643653.6337
1576643653.6499
1576643653.6674
1576643653.6832
1576643653.7000
1576643653.7172
1576643653.7334
1576643653.7499
1576643653.7667
1576643653.7832
1576643653.8007
1576643653.8158
1576643653.8337
1576643653.8506
1576643653.8671
1576643653.8836
1576643653.8998
1576643653.9173
1576643653.9328
1576643653.9509
1576643653.9673
1576643653.9829
1576643654.0009
1576643654.0174
1576643654.0336
1576643654.0499
1576643654.0663
1576643654.0843
1576643654.1009
1576643654.1175
1576643654.1342
1576643654.1508
1576643654.1676
1576643654.1833
1576643654.2000
1576643654.2178
1576643654.2343
1576643654.2503
1576643654.2669
1576643654.2829
1576643654.3002
1576643654.3170
1576643654.3336
1576643654.3502
1576643654.3666
1576643654.3833
1576643654.4004
1576643654.4164
1576643654.4335
1576643654.4499
1576643654.4666
1576643654.4834
1576643654.5000
1576643654.5173
1576643654.5333
1576643654.5497
1576643654.5668
1576643654.5833
1576643654.5999
1576643654.6168
1576643654.6342
1576643654.6489
1576643654.6671
1576643654.6830
1576643654.7004
1576643654.7169
1576643654.7328
1576643654.7502
1576643654.7666
1576643654.7823
1576643654.7995
1576643654.8162
1576643654.8337
1576643654.8503
1576643654.8673
1576643654.8834
1576643654.9008
1576643654.9168
1576643654.9335
1576643654.9485
1576643654.9671
1576643654.9832
1576643655.0006
1576643655.0169
1576643655.0338
1576643655.0500
1576643655.0662
1576643655.0822
1576643655.0998
1576643655.1161
1576643655.1334
1576643655.1488
1576643655.1664
1576643655.1837
1576643655.1997
1576643655.2158
1576643655.2332
1576643655.2501
1576643655.2671
1576643655.2832
1576643655.2985
1576643655.3160
1576643655.3334
1576643655.3503
1576643655.3666
1576643655.3832
1576643655.4004
1576643655.4164
1576643655.4326
1576643655.4491
1576643655.4655
1576643655.4824
1576643655.4986
1576643655.5157
1576643655.5319
1576643655.5484
1576643655.5656
1576643655.5825
1576643655.5986
1576643655.6156
1576643655.6319
1576643655.6487
1576643655.6655
1576643655.6826
1576643655.6988
1576643655.7155
1576643655.7322
1576643655.7484
1576643655.7652
1576643655.7823
1576643655.7990
1576643655.8152
1576643655.8324
1576643655.8486
1576643655.8653
1576643655.8824
1576643655.8982
1576643655.9173
1576643655.9323
1576643655.9492
1576643655.9661
1576643655.9826
1576643656.0004
1576643656.0162
1576643656.0331
1576643656.0492
1576643656.0654
1576643656.0818
1576643656.0982
1576643656.1151
1576643656.1313
1576643656.1481
1576643656.1651
1576643656.1819
1576643656.1982
1576643656.2146
1576643656.2315
1576643656.2480
1576643656.2648
1576643656.2814
1576643656.2981
1576643656.3151
1576643656.3316
1576643656.3483
1576643656.3652
1576643656.3814
1576643656.3980
1576643656.4148
1576643656.4312
1576643656.4483
1576643656.4646
1576643656.4816
1576643656.4981
1576643656.5145
1576643656.5312
1576643656.5483
1576643656.5651
1576643656.5815
1576643656.5982
1576643656.6145
1576643656.6316
1576643656.6482
1576643656.6647
1576643656.6815
1576643656.6983
1576643656.7149
1576643656.7316
1576643656.7484
1576643656.7649
1576643656.7815
1576643656.7981
1576643656.8147
1576643656.8322
1576643656.8485
1576643656.8653
1576643656.8812
1576643656.8980
1576643656.9157
1576643656.9326
1576643656.9498
1576643656.9663
1576643656.9824
1576643656.9998
1576643657.0164
1576643657.0337
1576643657.0500
1576643657.0653
1576643657.0807
1576643657.0970
1576643657.1137
1576643657.1315
1576643657.1483
1576643657.1649
1576643657.1816
1576643657.1978
1576643657.2149
1576643657.2314
1576643657.2478
1576643657.2647
1576643657.2815
1576643657.2979
1576643657.3151
1576643657.3312
1576643657.3483
1576643657.3647
1576643657.3815
1576643657.3982
1576643657.4154
1576643657.4318
1576643657.4483
1576643657.4647
1576643657.4813
1576643657.4981
1576643657.5148
1576643657.5313
1576643657.5482
1576643657.5648
1576643657.5816
1576643657.5981
1576643657.6149
1576643657.6314
1576643657.6479
1576643657.6646
1576643657.6815
1576643657.6980
1576643657.7153
1576643657.7315
1576643657.7480
1576643657.7647
1576643657.7812
1576643657.7982
1576643657.8152
1576643657.8316
1576643657.8481
1576643657.8649
1576643657.8819
1576643657.8984
1576643657.9158
1576643657.9329
1576643657.9498
1576643657.9654
1576643657.9830
1576643657.9996
1576643658.0169
1576643658.0333
1576643658.0495
1576643658.0643
1576643658.0826
1576643658.0985
1576643658.1154
1576643658.1317
1576643658.1479
1576643658.1650
1576643658.1813
1576643658.1983
1576643658.2149
1576643658.2313
1576643658.2477
1576643658.2645
1576643658.2815
1576643658.2981
1576643658.3149
1576643658.3315
1576643658.3480
1576643658.3646
1576643658.3812
1576643658.3981
1576643658.4150
1576643658.4310
1576643658.4477
1576643658.4643
1576643658.4814
1576643658.4983
1576643658.5146
1576643658.5318
1576643658.5486
1576643658.5646
1576643658.5815
1576643658.5983
1576643658.6151
1576643658.6313
1576643658.6481
1576643658.6651
1576643658.6814
1576643658.6983
1576643658.7146
1576643658.7314
1576643658.7478
1576643658.7650
1576643658.7815
1576643658.7983
1576643658.8151
1576643658.8311
1576643658.8485
1576643658.8646
1576643658.8817
1576643658.8979
1576643658.9151
1576643658.9319
1576643658.9494
1576643658.9653
1576643658.9810
1576643658.9975
1576643659.0124
1576643659.0288
1576643659.0455
1576643659.0623
1576643659.0795
1576643659.0963
1576643659.1131
1576643659.1306
1576643659.1473
1576643659.1640
1576643659.1804
1576643659.1973
1576643659.2142
1576643659.2310
1576643659.2476
1576643659.2643
1576643659.2812
1576643659.2982
1576643659.3151
1576643659.3314
1576643659.3484
1576643659.3643
1576643659.3809
1576643659.3975
1576643659.4144
1576643659.4310
1576643659.4476
1576643659.4643
1576643659.4810
1576643659.4972
1576643659.5139
1576643659.5309
1576643659.5473
1576643659.5645
1576643659.5809
1576643659.5976
1576643659.6146
1576643659.6312
1576643659.6479
1576643659.6649
1576643659.6813
1576643659.6979
1576643659.7148
1576643659.7310
1576643659.7466
1576643659.7648
1576643659.7808
1576643659.7979
1576643659.8149
1576643659.8313
1576643659.8475
1576643659.8640
1576643659.8807
1576643659.8972
1576643659.9140
1576643659.9320
1576643659.9483
1576643659.9654
1576643659.9808
1576643659.9952
1576643660.0115
1576643660.0288
1576643660.0460
1576643660.0636
1576643660.0803
1576643660.0964
1576643660.1127
1576643660.1301
1576643660.1466
1576643660.1638
1576643660.1804
1576643660.1966
1576643660.2137
1576643660.2304
1576643660.2469
1576643660.2637
1576643660.2805
1576643660.2969
1576643660.3139
1576643660.3304
1576643660.3468
1576643660.3634
1576643660.3802
1576643660.3968
1576643660.4134
1576643660.4301
1576643660.4470
1576643660.4641
1576643660.4809
1576643660.4972
1576643660.5133
1576643660.5308
1576643660.5472
1576643660.5640
1576643660.5806
1576643660.5972
1576643660.6140
1576643660.6310
1576643660.6473
1576643660.6638
1576643660.6807
1576643660.6970
1576643660.7143
1576643660.7309
1576643660.7476
1576643660.7636
1576643660.7809
1576643660.7968
1576643660.8142
1576643660.8309
1576643660.8473
1576643660.8641
1576643660.8806
1576643660.8970
1576643660.9142
1576643660.9318
1576643660.9487
1576643660.9660
1576643660.9817
1576643660.9983
1576643661.0158
1576643661.0323
1576643661.0486
1576643661.0662
1576643661.0823
1576643661.0990
1576643661.1144
1576643661.1310
1576643661.1469
1576643661.1637
1576643661.1805
1576643661.1974
1576643661.2139
1576643661.2308
1576643661.2472
1576643661.2638
1576643661.2806
1576643661.2974
1576643661.3138
1576643661.3306
1576643661.3467
1576643661.3640
1576643661.3807
1576643661.3975
1576643661.4142
1576643661.4307
1576643661.4467
1576643661.4641
1576643661.4806
1576643661.4973
1576643661.5141
1576643661.5304
1576643661.5471
1576643661.5637
1576643661.5806
1576643661.5973
1576643661.6135
1576643661.6302
1576643661.6472
1576643661.6637
1576643661.6803
1576643661.6969
1576643661.7144
1576643661.7303
1576643661.7471
1576643661.7638
1576643661.7804
1576643661.7970
1576643661.8137
1576643661.8303
1576643661.8474
1576643661.8640
1576643661.8806
1576643661.8971
1576643661.9140
1576643661.9304
1576643661.9492
1576643661.9658
1576643661.9815
1576643661.9982
1576643662.0157
1576643662.0316
1576643662.0489
1576643662.0654
1576643662.0818
1576643662.0974
1576643662.1141
1576643662.1303
1576643662.1465
1576643662.1634
1576643662.1801
1576643662.1964
1576643662.2134
1576643662.2305
1576643662.2470
1576643662.2635
1576643662.2804
1576643662.2968
1576643662.3136
1576643662.3303
1576643662.3466
1576643662.3633
1576643662.3803
1576643662.3971
1576643662.4131
1576643662.4299
1576643662.4474
1576643662.4633
1576643662.4801
1576643662.4966
1576643662.5140
1576643662.5297
1576643662.5472
1576643662.5638
1576643662.5800
1576643662.5966
1576643662.6135
1576643662.6305
1576643662.6479
1576643662.6641
1576643662.6809
1576643662.6970
1576643662.7139
1576643662.7309
1576643662.7469
1576643662.7634
1576643662.7800
1576643662.7967
1576643662.8131
1576643662.8300
1576643662.8466
1576643662.8634
1576643662.8800
1576643662.8968
1576643662.9139
1576643662.9301
1576643662.9467
1576643662.9638
1576643662.9804
1576643662.9972
1576643663.0137
1576643663.0301
1576643663.0472
1576643663.0638
1576643663.0809
1576643663.0970
1576643663.1136
1576643663.1304
1576643663.1469
1576643663.1631
1576643663.1799
1576643663.1963
1576643663.2133
1576643663.2300
1576643663.2462
1576643663.2631
1576643663.2799
1576643663.2967
1576643663.3131
1576643663.3296
1576643663.3462
1576643663.3632
1576643663.3798
1576643663.3968
1576643663.4129
1576643663.4297
1576643663.4465
1576643663.4631
1576643663.4800
1576643663.4965
1576643663.5132
1576643663.5295
1576643663.5463
1576643663.5628
1576643663.5796
1576643663.5966
1576643663.6129
1576643663.6301
1576643663.6464
1576643663.6632
1576643663.6795
1576643663.6964
1576643663.7131
1576643663.7297
1576643663.7468
1576643663.7632
1576643663.7799
1576643663.7967
1576643663.8127
1576643663.8297
1576643663.8469
1576643663.8636
1576643663.8801
1576643663.8968
1576643663.9133
1576643663.9301
1576643663.9472
1576643663.9636
1576643663.9803
1576643663.9970
1576643664.0134
1576643664.0304
1576643664.0466
1576643664.0632
1576643664.0824
1576643664.0978
1576643664.1153
1576643664.1311
1576643664.1466
1576643664.1638
1576643664.1801
1576643664.1969
1576643664.2135
1576643664.2295
1576643664.2470
1576643664.2631
1576643664.2799
1576643664.2963
1576643664.3130
1576643664.3296
1576643664.3462
1576643664.3628
1576643664.3795
1576643664.3964
1576643664.4129
1576643664.4293
1576643664.4460
1576643664.4629
1576643664.4795
1576643664.4964
1576643664.5129
1576643664.5293
1576643664.5460
1576643664.5629
1576643664.5794
1576643664.5959
1576643664.6129
1576643664.6295
1576643664.6460
1576643664.6627
1576643664.6791
1576643664.6959
1576643664.7128
1576643664.7298
1576643664.7462
1576643664.7627
1576643664.7792
1576643664.7966
1576643664.8130
1576643664.8295
1576643664.8461
1576643664.8631
1576643664.8794
1576643664.8961
1576643664.9129
1576643664.9296
1576643664.9463
1576643664.9609
1576643664.9803
1576643664.9968
1576643665.0134
1576643665.0301
1576643665.0468
1576643665.0627
1576643665.0810
1576643665.0971
1576643665.1148
1576643665.1306
1576643665.1477
1576643665.1638
1576643665.1798
1576643665.1968
1576643665.2133
1576643665.2291
1576643665.2463
1576643665.2631
1576643665.2797
1576643665.2962
1576643665.3118
1576643665.3284
1576643665.3453
1576643665.3629
1576643665.3800
1576643665.3963
1576643665.4133
1576643665.4299
1576643665.4461
1576643665.4615
1576643665.4790
1576643665.4961
1576643665.5132
1576643665.5292
1576643665.5462
1576643665.5628
1576643665.5792
1576643665.5959
1576643665.6128
1576643665.6293
1576643665.6458
1576643665.6626
1576643665.6794
1576643665.6960
1576643665.7126
1576643665.7294
1576643665.7456
1576643665.7625
1576643665.7792
1576643665.7962
1576643665.8129
1576643665.8299
1576643665.8464
1576643665.8630
1576643665.8794
1576643665.8965
1576643665.9129
1576643665.9295
1576643665.9469
1576643665.9638
1576643665.9812
1576643665.9979
1576643666.0144
1576643666.0307
1576643666.0472
1576643666.0652
1576643666.0810
1576643666.0970
1576643666.1142
1576643666.1314
1576643666.1476
1576643666.1627
1576643666.1797
1576643666.1966
1576643666.2131
1576643666.2289
1576643666.2460
1576643666.2625
1576643666.2793
1576643666.2968
1576643666.3124
1576643666.3292
1576643666.3461
1576643666.3623
1576643666.3790
1576643666.3961
1576643666.4123
1576643666.4297
1576643666.4462
1576643666.4629
1576643666.4797
1576643666.4962
1576643666.5123
1576643666.5294
1576643666.5459
1576643666.5623
1576643666.5791
1576643666.5956
1576643666.6123
1576643666.6294
1576643666.6458
1576643666.6626
1576643666.6791
1576643666.6955
1576643666.7123
1576643666.7293
1576643666.7455
1576643666.7621
1576643666.7788
1576643666.7957
1576643666.8126
1576643666.8289
1576643666.8463
1576643666.8630
1576643666.8791
1576643666.8957
1576643666.9123
1576643666.9295
1576643666.9455
1576643666.9628
1576643666.9814
1576643666.9981
1576643667.0145
1576643667.0302
1576643667.0471
1576643667.0631
1576643667.0806
1576643667.0978
1576643667.1143
1576643667.1303
1576643667.1480
1576643667.1640
1576643667.1794
1576643667.1957
1576643667.2128
1576643667.2293
1576643667.2455
1576643667.2622
1576643667.2788
1576643667.2956
1576643667.3123
1576643667.3289
1576643667.3456
1576643667.3626
1576643667.3789
1576643667.3956
1576643667.4121
1576643667.4288
1576643667.4456
1576643667.4618
1576643667.4788
1576643667.4955
1576643667.5102
1576643667.5278
1576643667.5445
1576643667.5609
1576643667.5778
1576643667.5945
1576643667.6114
1576643667.6279
1576643667.6447
1576643667.6617
1576643667.6785
1576643667.6956
1576643667.7117
1576643667.7287
1576643667.7450
1576643667.7620
1576643667.7787
1576643667.7952
1576643667.8119
1576643667.8288
1576643667.8450
1576643667.8618
1576643667.8784
1576643667.8957
1576643667.9124
1576643667.9286
1576643667.9452
1576643667.9619
1576643667.9796
1576643667.9967
1576643668.0126
1576643668.0298
1576643668.0464
1576643668.0634
1576643668.0804
1576643668.0970
1576643668.1138
1576643668.1302
1576643668.1468
1576643668.1631
1576643668.1785
1576643668.1952
1576643668.2119
1576643668.2286
1576643668.2454
1576643668.2621
1576643668.2789
1576643668.2952
1576643668.3120
1576643668.3287
1576643668.3452
1576643668.3617
1576643668.3784
1576643668.3950
1576643668.4118
1576643668.4283
1576643668.4449
1576643668.4616
1576643668.4784
1576643668.4949
1576643668.5115
1576643668.5286
1576643668.5451
1576643668.5616
1576643668.5783
1576643668.5946
1576643668.6117
1576643668.6287
1576643668.6449
1576643668.6617
1576643668.6783
1576643668.6946
1576643668.7116
1576643668.7286
1576643668.7449
1576643668.7618
1576643668.7784
1576643668.7950
1576643668.8121
1576643668.8284
1576643668.8452
1576643668.8618
1576643668.8783
1576643668.8946
1576643668.9113
1576643668.9284
1576643668.9452
1576643668.9615
1576643668.9791
1576643668.9963
1576643669.0139
1576643669.0300
1576643669.0468
1576643669.0638
1576643669.0786
1576643669.0964
1576643669.1141
1576643669.1299
1576643669.1463
1576643669.1635
1576643669.1802
1576643669.1949
1576643669.2118
1576643669.2289
1576643669.2458
1576643669.2618
1576643669.2783
1576643669.2953
1576643669.3111
1576643669.3282
1576643669.3455
1576643669.3614
1576643669.3785
1576643669.3951
1576643669.4122
1576643669.4288
1576643669.4456
1576643669.4624
1576643669.4787
1576643669.4957
1576643669.5118
1576643669.5282
1576643669.5451
1576643669.5615
1576643669.5782
1576643669.5947
1576643669.6122
1576643669.6289
1576643669.6452
1576643669.6616
1576643669.6783
1576643669.6955
1576643669.7117
1576643669.7282
1576643669.7449
1576643669.7616
1576643669.7783
1576643669.7948
1576643669.8118
1576643669.8283
1576643669.8450
1576643669.8619
1576643669.8779
1576643669.8949
1576643669.9117
1576643669.9283
1576643669.9449
1576643669.9620
1576643669.9797
1576643669.9959
1576643670.0127
1576643670.0296
1576643670.0463
1576643670.0628
1576643670.0800
1576643670.0961
1576643670.1133
1576643670.1291
1576643670.1464
1576643670.1633
1576643670.1790
1576643670.1957
1576643670.2117
1576643670.2282
1576643670.2452
1576643670.2614
1576643670.2782
1576643670.2953
1576643670.3112
1576643670.3278
1576643670.3447
1576643670.3608
1576643670.3776
1576643670.3947
1576643670.4111
1576643670.4280
1576643670.4447
1576643670.4620
1576643670.4778
1576643670.4949
1576643670.5118
1576643670.5280
1576643670.5448
1576643670.5616
1576643670.5785
1576643670.5943
1576643670.6110
1576643670.6275
1576643670.6445
1576643670.6613
1576643670.6778
1576643670.6946
1576643670.7112
1576643670.7283
1576643670.7428
1576643670.7606
1576643670.7775
1576643670.7938
1576643670.8107
1576643670.8278
1576643670.8441
1576643670.8610
1576643670.8774
1576643670.8940
1576643670.9109
1576643670.9274
1576643670.9442
1576643670.9606
1576643670.9774
1576643670.9948
1576643671.0125
1576643671.0293
1576643671.0464
1576643671.0631
1576643671.0797
1576643671.0959
1576643671.1137
1576643671.1278
1576643671.1463
1576643671.1622
1576643671.1791
1576643671.1966
1576643671.2114
1576643671.2283
1576643671.2450
1576643671.2618
1576643671.2778
1576643671.2948
1576643671.3113
1576643671.3276
1576643671.3443
1576643671.3610
1576643671.3776
1576643671.3940
1576643671.4105
1576643671.4276
1576643671.4444
1576643671.4610
1576643671.4774
1576643671.4943
1576643671.5109
1576643671.5274
1576643671.5442
1576643671.5609
1576643671.5773
1576643671.5942
1576643671.6114
1576643671.6277
1576643671.6444
1576643671.6610
1576643671.6775
1576643671.6944
1576643671.7110
1576643671.7276
1576643671.7442
1576643671.7608
1576643671.7777
1576643671.7942
1576643671.8104
1576643671.8275
1576643671.8438
1576643671.8608
1576643671.8775
1576643671.8939
1576643671.9108
1576643671.9276
1576643671.9440
1576643671.9610
1576643671.9775
1576643671.9941
1576643672.0114
1576643672.0279
1576643672.0444
1576643672.0612
1576643672.0779
1576643672.0945
1576643672.1113
1576643672.1278
1576643672.1449
1576643672.1611
1576643672.1779
1576643672.1945
1576643672.2112
1576643672.2276
1576643672.2443
1576643672.2605
1576643672.2772
1576643672.2938
1576643672.3108
1576643672.3274
1576643672.3442
1576643672.3606
1576643672.3771
1576643672.3939
1576643672.4105
1576643672.4272
1576643672.4441
1576643672.4608
1576643672.4772
1576643672.4938
1576643672.5106
1576643672.5273
1576643672.5442
1576643672.5609
1576643672.5771
1576643672.5937
1576643672.6103
1576643672.6273
1576643672.6437
1576643672.6607
1576643672.6770
1576643672.6939
1576643672.7103
1576643672.7271
1576643672.7438
1576643672.7606
1576643672.7772
1576643672.7937
1576643672.8105
1576643672.8271
1576643672.8436
1576643672.8607
1576643672.8771
1576643672.8937
1576643672.9103
1576643672.9272
1576643672.9439
1576643672.9607
1576643672.9768
1576643672.9940
1576643673.0107
1576643673.0274
1576643673.0443
1576643673.0609
1576643673.0778
1576643673.0945
1576643673.1109
1576643673.1278
1576643673.1447
1576643673.1610
1576643673.1776
1576643673.1942
1576643673.2108
1576643673.2274
1576643673.2439
1576643673.2606
1576643673.2772
1576643673.2942
1576643673.3106
1576643673.3275
1576643673.3440
1576643673.3607
1576643673.3773
1576643673.3943
1576643673.4105
1576643673.4273
1576643673.4440
1576643673.4605
1576643673.4773
1576643673.4936
1576643673.5106
1576643673.5273
1576643673.5438
1576643673.5608
1576643673.5772
1576643673.5938
1576643673.6109
1576643673.6274
1576643673.6439
1576643673.6607
1576643673.6771
1576643673.6941
1576643673.7105
1576643673.7270
1576643673.7438
1576643673.7607
1576643673.7772
1576643673.7943
1576643673.8101
1576643673.8272
1576643673.8438
1576643673.8610
1576643673.8771
1576643673.8939
1576643673.9101
1576643673.9269
1576643673.9437
1576643673.9607
1576643673.9770
1576643673.9938
1576643674.0123
1576643674.0284
1576643674.0446
1576643674.0619
1576643674.0795
1576643674.0957
1576643674.1121
1576643674.1290
1576643674.1445
1576643674.1626
1576643674.1795
1576643674.1957
1576643674.2111
1576643674.2281
1576643674.2429
1576643674.2593
1576643674.2762
1576643674.2940
1576643674.3110
1576643674.3275
1576643674.3438
1576643674.3608
1576643674.3777
1576643674.3938
1576643674.4105
1576643674.4271
1576643674.4436
1576643674.4600
1576643674.4765
1576643674.4936
1576643674.5104
1576643674.5277
1576643674.5439
1576643674.5604
1576643674.5774
1576643674.5939
1576643674.6108
1576643674.6272
1576643674.6432
1576643674.6599
1576643674.6767
1576643674.6934
1576643674.7101
1576643674.7266
1576643674.7433
1576643674.7600
1576643674.7769
1576643674.7934
1576643674.8101
1576643674.8264
1576643674.8434
1576643674.8600
1576643674.8765
1576643674.8938
1576643674.9103
1576643674.9273
1576643674.9438
1576643674.9610
1576643674.9773
1576643674.9938
1576643675.0120
1576643675.0270
1576643675.0435
1576643675.0624
1576643675.0776
1576643675.0948
1576643675.1116
1576643675.1273
1576643675.1437
1576643675.1611
1576643675.1773
1576643675.1938
1576643675.2124
1576643675.2289
1576643675.2438
1576643675.2604
1576643675.2769
1576643675.2937
1576643675.3103
1576643675.3269
1576643675.3439
1576643675.3604
1576643675.3769
1576643675.3931
1576643675.4099
1576643675.4265
1576643675.4432
1576643675.4599
1576643675.4770
1576643675.4935
1576643675.5098
1576643675.5265
1576643675.5433
1576643675.5600
1576643675.5769
1576643675.5936
1576643675.6103
1576643675.6271
1576643675.6436
1576643675.6599
1576643675.6771
1576643675.6939
1576643675.7102
1576643675.7272
1576643675.7436
1576643675.7609
1576643675.7770
1576643675.7936
1576643675.8101
1576643675.8271
1576643675.8435
1576643675.8599
1576643675.8771
1576643675.8932
1576643675.9099
1576643675.9268
1576643675.9436
1576643675.9599
1576643675.9771
1576643675.9937
1576643676.0100
1576643676.0270
1576643676.0451
1576643676.0619
1576643676.0782
1576643676.0951
1576643676.1117
1576643676.1281
1576643676.1453
1576643676.1620
1576643676.1770
1576643676.1944
1576643676.2115
1576643676.2283
1576643676.2453
1576643676.2608
1576643676.2770
1576643676.2933
1576643676.3105
1576643676.3270
1576643676.3437
1576643676.3601
1576643676.3770
1576643676.3937
1576643676.4103
1576643676.4265
1576643676.4434
1576643676.4599
1576643676.4766
1576643676.4930
1576643676.5099
1576643676.5268
1576643676.5431
1576643676.5599
1576643676.5767
1576643676.5932
1576643676.6096
1576643676.6262
1576643676.6434
1576643676.6598
1576643676.6766
1576643676.6929
1576643676.7096
1576643676.7265
1576643676.7430
1576643676.7597
1576643676.7766
1576643676.7927
1576643676.8097
1576643676.8262
1576643676.8433
1576643676.8598
1576643676.8762
1576643676.8927
1576643676.9101
1576643676.9270
1576643676.9432
1576643676.9597
1576643676.9770
1576643676.9932
1576643677.0097
1576643677.0277
1576643677.0444
1576643677.0613
1576643677.0788
1576643677.0943
1576643677.1116
1576643677.1278
1576643677.1440
1576643677.1619
1576643677.1787
1576643677.1949
1576643677.2111
1576643677.2276
1576643677.2439
1576643677.2600
1576643677.2774
1576643677.2934
1576643677.3099
1576643677.3264
1576643677.3433
1576643677.3597
1576643677.3767
1576643677.3933
1576643677.4097
1576643677.4265
1576643677.4434
1576643677.4597
1576643677.4764
1576643677.4930
1576643677.5101
1576643677.5264
1576643677.5428
1576643677.5595
1576643677.5765
1576643677.5931
1576643677.6100
1576643677.6261
1576643677.6433
1576643677.6597
1576643677.6765
1576643677.6931
1576643677.7095
1576643677.7266
1576643677.7435
1576643677.7595
1576643677.7764
1576643677.7932
1576643677.8095
1576643677.8260
1576643677.8428
1576643677.8594
1576643677.8761
1576643677.8930
1576643677.9096
1576643677.9259
1576643677.9426
1576643677.9593
1576643677.9759
1576643677.9928
1576643678.0092
1576643678.0264
1576643678.0434
1576643678.0600
1576643678.0766
1576643678.0935
1576643678.1099
1576643678.1283
1576643678.1440
1576643678.1609
1576643678.1783
1576643678.1950
1576643678.2099
1576643678.2280
1576643678.2446
1576643678.2612
1576643678.2771
1576643678.2936
1576643678.3097
1576643678.3271
1576643678.3435
1576643678.3599
1576643678.3771
1576643678.3934
1576643678.4103
1576643678.4255
1576643678.4403
1576643678.4568
1576643678.4766
1576643678.4935
1576643678.5098
1576643678.5269
1576643678.5434
1576643678.5603
1576643678.5760
1576643678.5931
1576643678.6097
1576643678.6264
1576643678.6430
1576643678.6597
1576643678.6767
1576643678.6927
1576643678.7093
1576643678.7263
1576643678.7424
1576643678.7590
1576643678.7762
1576643678.7930
1576643678.8092
1576643678.8262
1576643678.8424
1576643678.8593
1576643678.8760
1576643678.8932
1576643678.9093
1576643678.9265
1576643678.9430
1576643678.9592
1576643678.9760
1576643678.9928
1576643679.0096
1576643679.0281
1576643679.0445
1576643679.0611
1576643679.0781
1576643679.0945
1576643679.1119
1576643679.1277
1576643679.1442
1576643679.1622
1576643679.1783
1576643679.1929
1576643679.2097
1576643679.2264
1576643679.2431
1576643679.2597
1576643679.2762
1576643679.2934
1576643679.3093
1576643679.3260
1576643679.3433
1576643679.3592
1576643679.3763
1576643679.3930
1576643679.4093
1576643679.4259
1576643679.4429
1576643679.4593
1576643679.4759
1576643679.4927
1576643679.5095
1576643679.5262
1576643679.5430
1576643679.5593
1576643679.5757
1576643679.5924
1576643679.6093
1576643679.6258
1576643679.6428
1576643679.6593
1576643679.6757
1576643679.6928
1576643679.7098
1576643679.7264
1576643679.7431
1576643679.7598
1576643679.7760
1576643679.7932
1576643679.8094
1576643679.8264
1576643679.8432
1576643679.8594
1576643679.8758
1576643679.8928
1576643679.9096
1576643679.9259
1576643679.9431
1576643679.9593
1576643679.9758
1576643679.9924
1576643680.0094
1576643680.0264
1576643680.0427
1576643680.0595
1576643680.0764
1576643680.0930
1576643680.1115
1576643680.1277
1576643680.1450
1576643680.1609
1576643680.1780
1576643680.1948
1576643680.2097
1576643680.2281
1576643680.2431
1576643680.2596
1576643680.2762
1576643680.2928
1576643680.3101
1576643680.3260
1576643680.3432
1576643680.3591
1576643680.3757
1576643680.3925
1576643680.4089
1576643680.4258
1576643680.4423
1576643680.4592
1576643680.4758
1576643680.4926
1576643680.5089
1576643680.5257
1576643680.5422
1576643680.5589
1576643680.5757
1576643680.5917
1576643680.6089
1576643680.6257
1576643680.6427
1576643680.6594
1576643680.6759
1576643680.6924
1576643680.7087
1576643680.7254
1576643680.7420
1576643680.7589
1576643680.7751
1576643680.7923
1576643680.8086
1576643680.8257
1576643680.8423
1576643680.8592
1576643680.8760
1576643680.8924
1576643680.9092
1576643680.9256
1576643680.9425
1576643680.9590
1576643680.9756
1576643680.9920
1576643681.0085
1576643681.0259
1576643681.0444
1576643681.0604
1576643681.0770
1576643681.0944
1576643681.1106
1576643681.1260
1576643681.1443
1576643681.1606
1576643681.1773
1576643681.1934
1576643681.2101
1576643681.2273
1576643681.2437
1576643681.2604
1576643681.2776
1576643681.2945
1576643681.3095
1576643681.3258
1576643681.3428
1576643681.3586
1576643681.3755
1576643681.3923
1576643681.4090
1576643681.4252
1576643681.4418
1576643681.4581
1576643681.4752
1576643681.4914
1576643681.5090
1576643681.5253
1576643681.5417
1576643681.5584
1576643681.5749
1576643681.5919
1576643681.6088
1576643681.6251
1576643681.6418
1576643681.6581
1576643681.6749
1576643681.6914
1576643681.7086
1576643681.7252
1576643681.7418
1576643681.7584
1576643681.7750
1576643681.7915
1576643681.8083
1576643681.8251
1576643681.8420
1576643681.8587
1576643681.8753
1576643681.8917
1576643681.9088
1576643681.9253
1576643681.9421
1576643681.9587
1576643681.9749
1576643681.9916
1576643682.0084
1576643682.0252
1576643682.0421
1576643682.0589
1576643682.0759
1576643682.0907
1576643682.1061
1576643682.1231
1576643682.1398
1576643682.1565
1576643682.1730
1576643682.1938
1576643682.2104
1576643682.2267
1576643682.2420
1576643682.2599
1576643682.2769
1576643682.2925
1576643682.3105
1576643682.3259
1576643682.3419
1576643682.3592
1576643682.3753
1576643682.3920
1576643682.4086
1576643682.4252
1576643682.4420
1576643682.4589
1576643682.4752
1576643682.4923
1576643682.5088
1576643682.5256
1576643682.5418
1576643682.5590
1576643682.5754
1576643682.5919
1576643682.6083
1576643682.6251
1576643682.6415
1576643682.6581
1576643682.6747
1576643682.6911
1576643682.7082
1576643682.7251
1576643682.7414
1576643682.7581
1576643682.7750
1576643682.7915
1576643682.8083
1576643682.8247
1576643682.8416
1576643682.8578
1576643682.8746
1576643682.8913
1576643682.9077
1576643682.9247
1576643682.9411
1576643682.9581
1576643682.9746
1576643682.9913
1576643683.0082
1576643683.0247
1576643683.0416
1576643683.0578
1576643683.0745
1576643683.0915
1576643683.1083
1576643683.1249
1576643683.1413
1576643683.1580
1576643683.1747
1576643683.1912
1576643683.2079
1576643683.2248
1576643683.2411
1576643683.2579
1576643683.2748
1576643683.2914
1576643683.3080
1576643683.3249
1576643683.3415
1576643683.3579
1576643683.3756
1576643683.3920
1576643683.4087
1576643683.4255
1576643683.4426
1576643683.4592
1576643683.4759
1576643683.4924
1576643683.5085
1576643683.5252
1576643683.5426
1576643683.5587
1576643683.5759
1576643683.5930
1576643683.6096
1576643683.6262
1576643683.6423
1576643683.6583
1576643683.6747
1576643683.6912
1576643683.7084
1576643683.7256
1576643683.7423
1576643683.7598
1576643683.7760
1576643683.7921
1576643683.8076
1576643683.8244
1576643683.8410
1576643683.8573
1576643683.8742
1576643683.8909
1576643683.9097
1576643683.9260
1576643683.9428
1576643683.9598
1576643683.9764
1576643683.9928
1576643684.0098
1576643684.0262
1576643684.0422
1576643684.0570
1576643684.0737
1576643684.0926
1576643684.1081
1576643684.1245
1576643684.1413
1576643684.1590
1576643684.1745
1576643684.1913
1576643684.2079
1576643684.2249
1576643684.2418
1576643684.2582
1576643684.2757
1576643684.2929
1576643684.3087
1576643684.3234
1576643684.3409
1576643684.3577
1576643684.3740
1576643684.3904
1576643684.4072
1576643684.4238
1576643684.4403
1576643684.4571
1576643684.4735
1576643684.4904
1576643684.5085
1576643684.5252
1576643684.5418
1576643684.5577
1576643684.5736
1576643684.5901
1576643684.6069
1576643684.6235
1576643684.6402
1576643684.6568
1576643684.6733
1576643684.6905
1576643684.7066
1576643684.7236
1576643684.7401
1576643684.7568
1576643684.7735
1576643684.7902
1576643684.8067
1576643684.8249
1576643684.8419
1576643684.8584
1576643684.8747
1576643684.8917
1576643684.9079
1576643684.9251
1576643684.9413
1576643684.9575
1576643684.9747
1576643684.9912
1576643685.0076
1576643685.0247
1576643685.0412
1576643685.0578
1576643685.0747
1576643685.0911
1576643685.1075
1576643685.1235
1576643685.1410
1576643685.1578
1576643685.1744
1576643685.1912
1576643685.2077
1576643685.2247
1576643685.2410
1576643685.2577
1576643685.2747
1576643685.2911
1576643685.3079
1576643685.3247
1576643685.3409
1576643685.3577
1576643685.3745
1576643685.3912
1576643685.4078
1576643685.4244
1576643685.4411
1576643685.4579
1576643685.4742
1576643685.4911
1576643685.5073
1576643685.5242
1576643685.5407
1576643685.5574
1576643685.5739
1576643685.5904
1576643685.6073
1576643685.6243
1576643685.6412
1576643685.6577
1576643685.6744
1576643685.6911
1576643685.7078
1576643685.7243
1576643685.7410
1576643685.7576
1576643685.7743
1576643685.7887
1576643685.8054
1576643685.8239
1576643685.8410
1576643685.8577
1576643685.8744
1576643685.8913
1576643685.9079
1576643685.9245
1576643685.9415
1576643685.9583
1576643685.9745
1576643685.9913
1576643686.0080
1576643686.0243
1576643686.0411
1576643686.0593
1576643686.0755
1576643686.0928
1576643686.1083
1576643686.1258
